26731
27803
21022
2959
8384
24144
10537
3376
26069
5735
15134
14304
5719
31854
1702
12212
9684
22087
6247
29643
26563
30497
20008
9439
3013
23207
21814
6681
12074
118
26630
14378
10167
7125
3867
16023
27558
27552
26922
32596
15087
20102
15997
13461
28102
26485
25493
26849
3173
26193
12051
9576
5131
18668
1753
23190
3397
10291
18540
14056
22380
26021
4252
24575
19823
19722
9832
16883
10194
32353
3356
26857
16375
13338
444
6376
6301
14725
26533
6120
20390
9611
26738
24108
23837
11676
19229
8402
17271
9448
18022
27305
5401
31698
21113
14146
29467
21409
15819
17482
26956
31353
2373
3350
19318
25483
20388
9344
30691
28552
15392
24818
8991
6491
21579
3776
4352
23319
6461
7355
24292
24366
17390
30467
17210
20965
8419
1052
26180
26372
20237
30788
14362
26578
26094
29444
26611
23872
18173
6918
24736
10853
7756
11302
28249
11050
22120
11211
29116
11079
896
14200
17427
18798
2506
8606
12502
6853
803
20661
10353
8858
10230
5258
4166
29267
16222
26075
21494
1443
23183
17441
7132
12036
24434
9645
19675
10337
9871
11766
13658
7186
12336
7730
2956
14862
13507
13347
8437
11612
5249
27444
28458
1483
27213
21444
25048
27107
17887
29890
519
9499
20769
27514
26272
26189
25817
15790
3629
16998
20617
4585
1505
20322
22931
16912
472
27512
13729
31802
19103
1169
1092
26049
9207
29695
3036
29850
4310
17004
15799
29409
6319
26640
17789
24760
29171
23848
10187
10322
13784
3747
13342
22603
345
2846
19955
22587
10110
31762
20780
19338
22749
16204
5558
5766
25697
13470
22121
14770
30026
5077
32559
30561
29301
24298
9833
30596
25310
17533
13710
24001
31587
1662
1301
1477
14795
14638
28566
23002
12550
28230
8236
30652
27318
8309
8221
6056
495
29456
26557
27063
23355
6662
30351
23914
7650
32274
13998
1926
21096
28980
12139
6690
19030
1889
19256
8958
13630
26490
13509
1046
1785
10363
3944
23159
4915
3829
3778
18258
554
16062
12704
20303
690
13542
9247
17443
23933
7662
3348
27749
19865
23605
19114
23965
16954
21171
25165
15519
28090
18409
10183
22551
17886
29976
24489
20836
22875
5554
24813
18346
7832
2830
31193
14626
8118
26719
7207
3765
10190
31463
5218
1482
21881
8808
20627
27740
13974
3548
31261
25423
20807
12389
26342
6916
15933
647
9655
15915
14390
10726
32472
17603
12137
23090
23119
23640
1774
25672
10077
13670
2914
14172
24337
1205
7790
20100
12018
16964
5744
11191
16878
6870
9320
22021
29855
25391
19034
1651
7884
19334
4340
5893
5683
26424
16497
26652
20101
23738
8381
12290
15027
20945
1242
26820
21352
26629
9602
20544
26326
23891
3854
11902
9506
9878
22084
8586
3448
2650
5092
28710
17518
20832
32345
26734
20961
28255
24210
3169
22891
14812
8462
29783
14481
26515
1449
3974
21822
27416
438
19915
12401
4030
2125
5800
4402
18360
11494
12681
23498
30334
21543
843
26931
14963
26363
17662
29390
31172
15332
6122
26196
13971
10898
6865
13839
28245
32180
25716
31050
2168
14094
1880
28934
6217
22988
714
17646
30230
12054
17697
3213
29583
14564
9027
30911
12146
18196
26987
12645
19560
25274
26921
15197
3882
951
10410
31410
10215
17549
5945
9487
10986
2161
27398
14458
31864
18338
3110
19006
13303
30202
12508
16937
14934
14274
3863
22008
10152
22731
18235
22800
9234
14778
27684
13423
20456
10148
19561
6881
30483
20955
24797
19831
5046
20999
1116
1077
25617
31352
22724
20235
6053
24250
32065
775
22424
19050
31182
1992
11868
6729
1016
6454
4748
11151
229
20848
6422
21890
26774
3846
4767
8518
28265
2921
6179
4834
13727
19164
7925
682
9531
19302
2687
26328
14733
11296
28292
2672
14614
25301
19893
31017
1342
32156
9951
31604
13898
7932
4216
5049
13192
1364
12920
24804
7116
8570
4714
2592
4640
163
26050
6114
17080
3459
24177
24106
13348
27829
23558
14537
30812
31032
13399
5266
7947
7763
9175
10979
10722
8111
6235
18639
11770
2326
19798
24458
11524
5511
4511
17185
10540
902
6772
16744
12356
1982
9524
8734
30123
32150
31179
13881
26362
30473
8857
1184
2194
13848
6949
5648
3662
29955
29507
16217
11467
15560
23434
19462
10615
1254
22024
15424
12522
102
24373
6640
15388
8998
10532
26633
29227
4867
30644
14023
28347
4133
24645
25151
5878
21453
11134
23610
15180
16440
10556
11328
14516
9163
29565
15423
1447
10902
13250
32262
17617
15073
1997
10336
12943
2681
12490
11285
1497
7450
7264
30560
9235
19538
21056
26467
2663
13447
3410
2913
3604
3273
17392
28058
2158
8429
19244
9513
12593
4752
9154
16173
29461
11096
4940
17191
28322
9341
23989
22179
8006
1928
13040
17435
22181
3163
9450
26904
560
6258
14781
20378
28409
17256
28198
30394
32709
1213
15417
3726
2403
28374
31315
11085
18749
6981
9809
13235
10797
11339
28927
3751
19346
1947
7635
21532
32418
11873
2780
1333
11778
22147
29941
4012
25492
10535
19518
8308
24720
19061
11469
2461
31702
3742
20384
16249
14978
29
2006
12541
22209
6973
8223
32617
10468
25307
11378
22828
9907
12909
9214
31745
27908
28995
22370
8799
1932
2829
5920
24592
27380
20894
7759
12831
21807
11247
5521
17912
2060
13927
16965
15307
4615
14425
13822
26673
6501
4815
4659
22802
23936
3206
13368
8646
25183
7993
23916
12922
31369
10786
11189
16086
8987
11711
30249
30685
26137
29906
25102
7444
14082
20139
17413
10470
32167
16041
8578
7239
17212
17663
26239
11672
13744
9396
9074
24266
30010
19182
26492
16071
24629
15215
2787
23053
20781
9824
32194
7836
826
2893
28415
14099
4236
3442
24446
8470
16200
23861
30100
754
4243
23283
9407
1156
17899
22271
32148
12119
20670
4840
14840
6668
26619
25343
337
14089
25218
15911
1338
1387
6732
6718
8660
27458
19224
8482
146
14083
26909
6012
12175
27188
11353
24479
10459
29552
29318
9139
25618
18865
32074
27410
9780
19663
24750
7922
944
3907
13777
18626
27953
26078
15359
5286
8507
31188
28463
25374
22275
26923
4698
15433
16567
5297
32038
15886
22064
24614
25184
30161
15832
11425
31473
3354
26415
27762
4757
27927
27325
11898
16553
30619
14648
29752
27171
24655
20466
15556
27787
15920
6984
28444
20154
2367
19842
25972
28386
8314
7418
17101
20942
27660
11649
18121
30571
28609
10494
5054
22664
25020
19288
6921
29146
6508
26006
9125
67
27324
7237
21075
16778
25882
16380
21264
4443
2009
12786
27981
9845
16515
19506
23629
4217
3248
15173
15753
26022
5564
11427
20776
19422
30488
26316
14649
15425
26478
8077
1770
11157
20348
1919
10235
4587
17187
11986
18546
5503
4283
10056
31887
23777
23210
1924
18178
28469
13189
20316
12913
21142
3694
23748
10263
12110
31112
26859
10111
8380
17545
24386
7850
3055
29463
23658
257
31417
31624
491
7229
25324
12842
13444
21609
23117
18581
11220
11775
16693
8737
14501
28273
12657
2550
28618
13396
30741
24168
9625
29879
8128
27211
5627
28705
28094
9638
11493
1722
30000
5593
4081
27876
5636
13735
13545
20244
24941
19911
3255
14684
22208
13707
20856
32053
16935
1729
31441
9339
29594
18647
19590
5561
25099
22338
13128
19879
3809
1823
25551
20977
15784
20507
28713
16698
21511
31889
9313
30194
9459
21252
25859
12832
31339
10192
3393
21184
9410
31598
14208
21842
16124
21838
597
11647
20144
5818
28064
4788
23227
27853
2133
20470
15386
14732
6859
19645
20108
30752
19599
305
7467
27789
24996
12573
27943
21910
13011
21236
6329
11230
66
26642
5721
21064
10821
49
437
23680
12940
12241
25013
5916
32030
16932
12510
636
28334
6051
25109
18688
16110
9416
1336
13082
27730
9926
30981
8615
7446
4215
29751
639
4482
17302
10737
29514
2925
27182
3424
1686
20224
1106
30877
24359
32271
15056
5518
25790
24991
20891
7166
17218
31199
20918
5210
30311
30980
17110
19602
9522
30601
29396
21808
28628
24427
1035
26158
4400
6041
15106
1547
14744
934
20299
10014
1751
11202
17322
12073
15733
8424
2426
7473
10038
29017
29517
16781
15076
16712
15059
15422
29006
23511
7677
13694
27537
20546
22369
1179
20118
28506
30177
14598
30684
15670
22407
14759
28536
11045
19380
28276
15194
11750
10306
30673
15067
22866
16636
15554
32080
31605
28489
32761
9361
8512
24706
25789
11322
19112
31834
15685
16816
17237
22299
25965
3750
32
26422
13976
21749
17666
354
7385
13852
20241
7913
17515
9527
7559
30828
8307
12716
1991
14098
26512
24937
16019
16613
16051
109
28031
9336
1585
2442
4261
26573
32022
3177
21147
15991
11965
13518
1698
27388
24221
22301
4896
20349
26214
9758
24657
29081
14925
30205
30094
1955
12437
31965
21665
8621
24301
21185
12464
27651
15702
30567
22347
1225
28286
3520
16905
14702
30512
28686
21815
17374
13618
8780
27891
6028
30402
16
25478
7791
21383
20980
18250
4552
23739
16081
18737
27612
871
12117
16457
18913
18351
20147
1999
17329
9561
8103
30044
32530
27726
22887
15917
7324
26683
26891
12866
20379
14535
29962
26265
13778
22440
4627
22460
27129
966
5696
1459
13386
4067
14768
28270
16887
6530
26140
27018
15037
12064
27314
15293
5003
26814
23291
22454
11366
15906
18489
24576
23224
14295
15959
42
28138
12661
3361
24869
25140
4387
12721
15597
13748
6233
29737
21867
12779
3496
19060
24899
27254
19434
16022
14061
23682
226
28250
21007
1288
28160
6365
25770
25349
11744
31226
21599
31493
20421
30944
17196
8285
19252
17590
14960
10929
15632
5691
27859
18931
14924
4808
2735
25878
31996
14252
13314
1337
19756
26235
6983
15909
1912
29869
29874
13278
17506
17951
129
17982
15178
23181
19963
23230
12099
29048
6907
32702
22651
30819
7363
23567
11989
692
26609
1375
13967
29636
16969
6904
33
3895
16821
30891
24424
25481
23690
5638
7683
17130
26062
11518
15948
31286
18857
6573
22202
8116
28186
18907
22763
7984
8882
17189
5911
6358
645
416
29961
6418
220
8642
31350
12695
11817
24959
24461
9126
18752
15538
18383
32653
28867
10431
7969
23918
2270
13174
19743
4929
10549
2363
12980
3100
10011
9828
9703
9394
4101
14307
24568
12571
10302
28453
4524
4051
16860
19770
4581
28164
32754
23157
8456
23047
30166
18228
14633
29639
2662
19281
7417
29411
4325
25103
3505
2909
14030
5262
12999
27296
8378
26092
7815
24595
3458
21103
29098
2272
26554
5165
20614
16469
1158
13958
14465
28555
17582
18891
69
19445
11005
22861
30490
17063
21391
24284
30935
21874
25969
5043
16159
26486
18189
21792
16468
10911
25461
8061
3771
8871
13666
13018
21415
14096
18201
1317
25678
11858
19162
19894
9018
4632
6698
23330
18214
1796
18841
4475
2147
32689
28327
10325
6151
8559
12208
10669
8428
20796
27921
1657
23036
3312
1420
22914
3500
25783
14830
19574
15047
10436
29678
21305
8004
29785
12669
22363
22161
11372
32402
25197
26537
18049
7039
20576
15582
8687
20305
23773
12495
17963
32179
11955
6550
4403
11199
5187
9516
6116
9354
22857
25385
25757
31928
12784
24801
21174
9240
13407
19605
24707
15643
7075
17620
24280
25653
23887
3101
20561
18773
446
662
25606
11584
31909
29224
30649
16685
28938
11443
2092
14803
19036
4918
18549
15296
8571
1893
20105
5093
8999
2124
19794
22869
15033
564
13569
23626
21776
21962
11686
1641
20431
23166
8189
4167
26822
24618
16523
12331
16813
29684
20714
9750
19480
27765
12711
283
27833
31077
3197
28875
20555
7424
1012
31691
4701
2007
8591
13536
11438
30327
29233
28083
335
32129
18316
17017
18357
4709
11739
2259
20493
4462
27092
9715
4303
25855
4824
4097
12950
12828
7534
32445
3631
11819
27119
3941
20719
508
11139
24537
24072
15179
25853
11682
9206
11232
95
30557
18788
6426
7226
22499
12152
15354
997
11843
2423
1760
18377
26386
31456
25448
4901
2143
6673
21706
18786
24771
20690
23806
26276
13731
24967
15652
20127
9903
19627
5410
32172
27310
10873
18814
19692
16080
21451
30550
15850
3200
22521
13647
28092
25622
12118
23331
9666
14273
22620
11828
4965
18071
32737
10704
32588
18159
4589
7347
1235
4107
19657
16333
23993
1787
2648
10822
5656
21181
13226
18112
15515
7081
11740
25323
30441
2559
618
30740
24197
26710
6436
19180
7212
6935
10023
10548
4362
21314
6876
17993
29219
25637
28057
12868
741
12299
6826
22279
30192
11250
21952
27476
12949
16903
11387
2417
10633
16519
11255
11332
5291
7681
22164
18974
701
23262
22895
12200
29473
15319
8325
3454
12089
8960
17394
5813
15955
26037
23308
9731
15326
28408
11480
3616
30784
13289
26375
24269
14791
16617
1670
31509
2530
8702
11857
25811
25233
24712
24948
20506
24535
19908
23550
23294
3046
11947
10321
20011
14889
23490
2990
11635
9340
6019
11893
28733
21243
16048
23347
21626
21222
11995
24027
4981
7764
21825
26314
6255
30004
23670
30190
9215
12748
27162
24323
7676
25188
16864
19269
26567
15610
31851
9777
16643
30417
5769
14375
17514
12794
7923
27100
2405
25577
15155
2633
16856
424
20461
14449
20380
30692
21982
5870
25719
9376
6414
20341
6618
14290
21672
3929
2906
13323
16649
11600
30052
25177
18455
23674
11309
15725
21460
4255
32489
6137
27443
23357
604
4394
11442
17654
13185
6664
1902
30203
27401
11788
14976
29335
22567
19305
7333
5172
3814
14687
28213
26406
22892
16637
3600
7858
15277
5325
25382
27932
10668
30808
1070
10829
15339
19085
11046
29523
28304
3193
8980
28850
27708
16990
17380
22785
7242
7040
4057
13645
29736
17891
4604
25927
4689
28008
28852
14220
1403
13880
3734
22314
5137
13925
11646
12896
6115
13007
18399
16038
16925
9029
5207
15853
23413
16877
26503
26920
21673
26657
9227
15145
18731
18754
7699
26128
10683
32515
1222
28505
22007
8523
11068
19792
23627
28903
19166
8262
13840
13020
16750
2185
5553
22011
28744
6292
24589
5815
8423
14210
21789
5428
4778
1993
11223
4512
5592
9764
9554
17094
21713
23338
17641
26365
19750
3757
8832
125
29208
12996
18355
32190
20485
17192
5704
6143
24454
10524
6469
6589
15982
27826
14191
30125
29629
21151
24692
22133
31014
6505
12955
29952
14138
18432
29759
25851
16079
18414
22703
4672
4478
419
21129
29303
22304
31327
24394
29763
6945
8792
20905
2949
631
31810
20079
18152
18283
9035
26082
4140
7440
27985
2357
31553
20702
5623
27138
12189
8184
21206
6176
12677
24763
31580
9052
12707
27176
29694
25594
13438
18107
10610
507
15318
30545
12136
5758
1628
3541
24286
12114
17787
13796
12201
30283
24465
15905
4265
11923
13251
5440
7025
23423
3103
11734
23582
19562
10699
18567
16009
6814
30722
18210
12108
5084
30196
11137
5579
6858
21033
25383
11343
14366
3021
25754
29460
32692
27037
5306
20557
16514
14851
5712
29033
28878
24194
14314
20885
10910
9813
29671
2434
19569
15443
4652
11286
24548
13899
14935
16988
12285
2953
19629
6802
26980
20001
31807
11540
14461
3639
28694
128
20385
10863
26932
24711
28508
30047
25995
4179
31416
10113
6317
27713
4908
13482
23517
6125
4277
6564
30326
17619
2100
23512
19464
11474
24152
22090
28762
26149
7105
19752
15535
13204
19557
24483
19017
9451
28211
19453
30252
7084
13047
14819
21028
2049
6526
32510
9993
29172
8698
4549
27714
8930
7829
813
31151
29443
28652
50
13644
13169
13084
3707
21292
3807
21474
7221
15897
25860
4845
2020
14553
4765
10964
28501
16723
22534
27736
27348
12020
3591
28650
2208
4177
7408
3086
27112
9020
14407
18686
11906
24943
24302
8587
28305
13914
18977
9817
62
18263
21091
13350
23127
18630
20517
7402
13393
2294
2067
13429
31988
24441
21778
26941
10374
10043
9632
27217
3661
30496
32132
10800
7511
28236
31329
7866
18326
15826
21233
23697
8358
15800
17920
25258
28371
15229
14016
32144
24811
10949
11878
2338
27779
14931
12543
5332
6452
9770
29690
9118
9192
9757
17461
12790
11785
20862
10501
488
10563
27607
20000
28009
12428
27098
17595
13033
29282
17051
24559
28711
4180
24829
12385
16201
6084
18794
25378
10796
30699
18376
2004
26617
6430
14760
527
6393
31055
18624
10755
29866
29142
10651
24670
7698
2674
6512
4691
32138
24304
9100
25984
20921
4739
16815
11402
12597
19308
23631
17024
24333
3830
21948
2138
31840
23201
14097
2452
574
2097
9030
20262
18872
5216
18192
31290
13693
8741
27335
26434
10273
22079
32417
7803
8284
19365
9702
10490
31715
31143
15376
9252
30381
21685
6119
23521
14066
434
23244
31709
19009
26177
22632
18405
7109
9921
1700
789
2709
26393
5494
10198
27780
6548
1432
21041
19505
11805
21253
5367
19217
19234
24893
9138
14069
29309
4192
29683
17783
104
5257
20213
10805
27677
4576
27347
6961
19107
25628
9209
29816
32582
27352
16130
32270
19903
14815
7898
778
12164
10150
27774
25707
32433
26988
32137
376
15684
22979
24719
4991
20516
22410
4169
9321
27490
4380
25074
21393
4039
23767
22893
6016
6583
5616
12313
11988
7659
22016
2090
15300
31594
3396
7432
14007
998
11792
6427
32595
27349
20800
22747
12393
16850
23501
8166
26479
14218
20843
31782
205
28864
16866
23419
22501
30329
20730
2475
1574
24445
24531
4011
11206
23038
30574
22471
14831
16973
13154
21267
17616
21724
1408
16299
8600
11377
13684
13261
3938
16882
16072
7527
2582
21141
5350
25656
13924
13989
27655
4859
5416
21894
27137
10170
3583
2810
7392
27
12625
23532
10115
1180
1472
2871
10648
9686
16364
18029
28940
16759
32591
6313
29544
20598
3164
20132
6224
17531
23351
9736
14393
2732
5488
22327
29276
11118
7397
32235
22598
14303
22600
22494
7001
7204
16956
30712
14956
29963
30823
26900
10619
26863
16585
28167
8604
2013
31052
734
11573
30452
9628
872
17517
3896
6901
3552
13997
11210
24924
6039
28414
15796
18755
7223
17306
10360
10761
1544
15465
13529
18623
26012
21708
1939
14637
9668
32315
29387
20783
8190
23311
17163
20601
25915
2114
6270
9782
13431
28972
7057
30211
10298
6891
9096
19171
28204
24951
13458
9979
29828
9675
27582
22081
17556
1845
4335
20381
19953
31238
15878
8444
5162
11169
681
5117
4266
27857
30019
2797
27616
5728
21835
10742
20893
7141
8906
8339
16605
20247
10055
5641
9213
27365
1423
25180
5319
30080
13333
15365
26460
12628
28454
9069
14993
8623
19814
13050
25668
5576
11971
8754
30705
6055
1060
16486
19570
17667
7777
15745
16679
11029
1755
32330
24267
2465
6776
15922
11777
25203
32650
11827
23447
26419
30007
31758
19092
5329
14302
8157
12569
11176
21349
28518
5479
23112
14380
25943
25602
1391
30989
17908
6572
6699
25836
18835
19263
24207
21450
15816
26288
12221
24566
26912
3153
542
28746
11779
14160
622
8373
26864
315
5841
26201
978
4197
24609
25408
19168
10554
21995
8778
2242
27087
25531
20330
11765
25534
27546
16402
1904
2096
20948
24556
18568
6715
30207
21963
27665
7023
15672
29921
12486
26283
4528
20018
13547
27957
31592
30280
18954
21289
13017
8051
26902
1308
29401
25237
18485
6602
31450
32428
17634
26930
5021
6585
21761
19810
8198
19440
18781
12042
32729
29913
14514
14468
21031
4647
25314
22575
13495
20736
28919
21327
17276
21387
20240
12570
17950
27351
20940
23614
743
28957
9045
27602
13280
31314
413
30861
29432
12775
21046
8505
19850
10587
908
15414
19441
326
3485
28135
32301
12252
20857
28177
25513
29108
18511
6844
22377
12134
15578
15400
4966
28742
14556
17251
12581
20816
16433
8790
22717
9077
11317
32553
1762
21870
16981
5356
10354
1645
25861
15438
28835
27850
5587
18281
23813
19404
9362
20254
1104
3050
28287
330
32605
21820
21899
14411
26802
629
21879
22525
2170
3780
13520
22368
13124
4050
14504
5393
968
20928
26544
32101
16325
24653
20526
13006
16408
21742
3007
17664
1808
8860
26929
20087
9609
13779
1507
3745
22155
12688
15529
27027
20518
3243
7631
4091
7072
6503
10331
25429
14547
11080
10387
27234
4304
20260
24511
27094
31688
18813
22832
30033
24109
20238
4225
3217
8468
11172
19741
6374
2526
19247
22273
24294
13591
22809
14433
14494
724
10904
25277
1026
11433
5142
11073
12878
13163
14708
26282
20167
32285
21573
5060
1045
2211
5287
5379
4713
7094
24718
23516
863
26818
27717
12384
31508
3358
6915
9507
28087
3872
24867
4436
1595
12701
5833
13690
8758
10057
1322
30568
17281
25450
21123
22684
10771
8029
930
18135
21701
3664
20573
8159
2889
10854
7024
17883
21488
12256
16118
18614
29929
30773
28971
10666
21048
28123
30912
9626
16799
9281
15608
17136
19169
1776
13002
12997
11109
5906
8296
12561
21191
9606
11479
25252
16045
20535
4317
31883
18507
12703
15543
24160
17366
8097
24850
9654
20
28299
1831
15166
26473
776
9079
11572
16398
24225
31156
7787
14590
6675
17305
806
26835
190
31833
26827
30051
21510
17226
19108
4372
400
8744
24518
17388
3815
7263
27312
5570
9195
5891
16884
23974
31084
19508
18817
30940
7282
26221
19768
25043
17278
4279
8270
25082
2323
22300
5588
12149
27487
4398
30543
20913
8682
16914
25170
9693
15112
18325
13473
19540
23970
10743
24178
14643
136
9006
4860
14141
16046
7733
26303
13672
28182
25640
17069
22721
23033
13691
16907
27200
20193
29804
2038
1418
22051
29321
29747
9812
30598
26210
26341
24770
6380
30559
7848
6804
25705
21841
32597
15272
3321
1237
31370
14009
19125
5082
19729
14247
30886
10515
7293
15801
589
22452
5544
11241
6887
2518
654
31347
18441
28391
32027
29957
25828
21216
20738
2126
4802
21005
26918
4639
17625
31338
11371
10874
3979
12361
21804
11357
943
7098
7050
7798
16392
2045
26383
11833
20495
22333
17297
24879
24187
7513
28817
8671
2181
8315
2231
6059
14600
15029
21266
1471
16029
5313
30156
14135
22661
19038
8247
22124
7871
3676
3908
22962
25435
22071
11790
13689
20949
1690
16254
16223
116
16633
25162
19243
2491
866
21403
21458
18232
31959
10423
2640
4994
1281
13904
16941
4388
5834
9023
23247
20779
23267
18354
15246
26772
24930
27209
23763
26597
16206
11558
11668
7131
23041
15763
19969
27575
25670
2425
8561
18261
21632
7930
8205
6149
4158
27709
9464
12935
3847
9387
29252
28183
23608
32441
23412
6073
19961
21459
28828
3986
8816
27526
22625
4588
7074
25971
4763
29484
28751
22423
5147
7205
19761
6340
11098
8025
23814
16436
18039
22262
25486
19387
20682
4745
32120
856
22564
14121
4042
15114
5976
12274
18050
26340
2554
17078
26237
13668
28006
7406
30361
9217
11511
1047
16899
7035
1603
5527
21764
31021
9558
22307
24145
29881
26779
30423
11514
4049
6197
29550
7121
12722
19304
19056
21997
18603
28293
2471
15711
3297
9713
8612
6999
14325
3289
19509
30390
5477
4309
8497
18726
3422
30429
6297
22193
14517
27442
461
19641
13554
10658
27406
4021
27249
24513
8410
14213
24457
20814
22791
7793
7525
29075
25987
5597
14297
24417
9751
4716
15154
8003
23894
5109
20099
12493
3205
2123
25630
12133
3264
25807
17198
3994
25133
14242
12709
28330
10210
5909
30171
7576
16037
9569
7031
25216
22773
31897
32659
2127
5852
26651
29655
12202
1743
10870
10602
32580
5194
9577
1444
23968
4434
4664
3782
25039
31560
28942
7007
15455
5278
16230
24819
8532
4363
19106
22361
4613
11961
25825
1618
23606
23064
5940
23363
32220
26354
8579
5897
29367
26395
32538
30025
16165
26502
31476
32679
18060
22841
8504
24824
5042
14853
3641
29701
13208
6507
21505
4864
12531
4282
15614
13882
31227
30092
28362
15855
28316
20542
9988
9763
31527
12006
15735
3526
31878
22063
18596
24420
19321
17966
26973
5466
8825
4810
23037
24161
7147
14621
32323
15888
24730
25629
5794
6756
25723
12879
32762
32564
24523
7781
4068
31462
2601
30622
10547
20582
6807
23886
20350
630
5801
13739
23808
21598
30432
17274
6013
11120
18253
5512
2712
31890
8656
13441
22877
19703
7188
25300
6335
9514
20306
5333
8649
9765
3159
24861
10412
25389
2210
6343
10361
13293
12580
11578
9850
2600
31545
31620
32090
14371
26538
1602
12190
8654
18272
21821
13437
4898
2896
5702
10200
29940
31898
31597
21906
15218
1110
29650
22999
4496
22396
32544
6638
23170
21312
12616
5979
6607
5339
31534
26046
16015
27553
14329
31606
3557
18577
16057
10042
16508
8535
18961
14969
1066
1607
25898
14490
1968
32109
30124
14652
32661
30621
29630
16993
32339
16414
4677
27269
6195
28233
15449
22565
19962
16192
23284
23695
4017
22555
25244
5706
6930
15540
12737
14306
24146
28981
21477
4093
19628
11115
22966
5232
25574
17735
1479
3284
18908
9773
27179
6612
17565
20707
6243
1623
4812
16237
1214
20382
26933
3516
27767
19138
25115
24658
18456
7159
10099
13734
26442
13073
3408
32492
29000
12447
6987
23906
28180
13401
14640
556
17764
29479
29595
31925
24213
15006
30195
6226
11277
21398
31396
31031
27938
16478
6048
17710
28662
30424
11195
22002
25306
6485
4733
9960
10480
26674
4301
140
24200
16148
9300
20699
21094
25812
8971
6092
15239
22991
29756
20499
23142
17500
1118
16538
30031
16482
29512
28455
2820
24940
5867
26684
2832
22956
5695
15932
26712
4673
12414
974
14835
6325
17798
24123
27847
18115
21540
16758
1491
16077
18476
8155
19294
21853
27947
18689
20720
5951
2873
13114
20429
515
17027
28363
1807
29601
10177
15444
32736
13383
30300
15599
696
25234
32318
15765
21274
9021
9906
3817
19336
30119
31251
32664
5755
1766
21531
6158
9151
19548
3717
22319
28338
2066
16105
26996
13522
2347
25207
9851
12774
29614
748
5471
21793
25415
13648
5133
22653
19747
15741
6767
13605
14134
20697
8473
8909
10376
4160
25100
14012
27556
16500
27839
3634
20320
32243
15079
27761
5968
11821
24922
26106
2200
4115
26136
13655
13541
17445
1767
9231
14207
10982
10102
8765
28176
16849
19780
22795
31222
21088
23285
18657
17379
15297
13290
7377
23523
10119
1923
18059
13673
18969
30876
13832
14040
12891
28523
790
15028
19510
1516
26059
26771
23740
8112
31162
32218
13345
7244
25143
30434
8338
23451
29858
13272
23883
23009
28641
20012
27530
21281
25592
1683
23438
12714
19939
1152
18941
23543
25445
9975
22748
28370
1462
25510
6959
5365
18736
32712
31319
10005
9547
20553
1438
3359
24779
17707
24593
17602
3640
17448
16526
12589
11407
5785
14365
6170
16439
28310
12931
28683
30774
18271
25877
25555
13221
9466
8139
12121
31585
30494
14745
17412
9040
26866
4075
3092
31308
9662
9864
7334
22859
586
24885
4785
16308
12211
1390
11057
25872
7840
371
13045
14773
6161
6102
12267
10671
7626
26357
32239
30910
17294
537
14198
6801
9502
29069
28910
2540
27135
14162
31397
13950
3091
31206
6118
11762
26715
933
27201
11782
28892
24342
3237
1526
5111
15436
19376
17927
22638
27690
8846
29508
2928
12849
1419
13403
28232
27287
16340
18510
8763
22169
21868
2991
786
19668
28819
32075
1468
7240
22010
18965
32414
4392
24841
21269
12116
15648
15968
29692
22788
215
26570
22012
22389
3922
4497
12604
13111
26437
9242
4193
8165
32317
24251
9243
21279
28054
30939
4995
26838
10475
22706
10429
19497
21034
11909
31912
22264
17419
9412
32081
28845
6144
29827
9071
21884
7766
5241
14062
13601
17651
10029
9629
27750
32117
22263
11663
9436
8295
20835
15306
3059
5899
16324
27058
4117
2676
28717
10288
19856
6759
19815
13965
18590
24118
20989
14579
20577
11163
25106
8234
21400
31139
27185
17766
16434
5178
28421
8447
26028
25286
14659
32480
31617
25379
475
6728
21237
17410
31949
22285
277
17551
3951
25782
16284
6231
10667
29179
28244
23260
3131
43
1380
9995
28882
32568
26893
1244
176
22141
746
6743
19297
10749
29164
1028
4220
24965
3851
22729
10250
2698
12592
22009
21469
12836
31081
32634
4888
31355
25230
212
20210
29732
9351
25040
7297
21922
20750
782
30257
130
24631
2364
29658
8253
4622
9571
2041
17833
30183
26428
5298
6496
28633
13010
28073
10439
8222
10098
23251
28060
6082
24881
10930
9331
7504
3513
4804
18592
15144
21053
11813
7529
21338
16444
16291
22715
19261
28493
12680
15363
21441
9962
24184
25635
20435
20892
3300
11158
26255
5731
13022
12026
1457
8536
11307
31435
26701
5786
18034
30145
12869
24702
3303
23856
5622
12337
3983
13369
28734
16940
19539
26173
1745
13217
1789
7888
8783
29917
27712
26208
3793
27130
20541
5804
30313
8712
21205
10466
8981
24153
4642
23677
18677
27362
12626
29386
25527
21987
16822
17317
2130
19147
16918
3972
32503
5206
10312
12984
14660
2552
10496
7663
30908
12778
14332
18934
3291
13582
19444
28143
27160
12128
26511
5011
21375
12225
22939
10265
171
29253
5433
18434
5098
7638
10199
123
2246
8280
12844
21849
5846
19624
8293
16787
22468
31538
9564
22067
12187
12744
18823
2857
16529
12958
25113
19824
15879
13475
5915
32379
12558
19122
20078
22320
1441
1678
691
3342
22518
25919
12177
1417
653
26884
26676
25651
24113
18362
24644
17444
18748
24375
14939
29862
23055
18085
23907
10970
22485
29043
20551
992
10814
23602
19289
21070
21986
8851
19523
32342
1191
24131
1329
18644
17793
21406
7902
23390
2856
7583
19367
28790
6086
14668
17483
29385
18025
7936
28614
7957
7096
31913
4285
15739
4933
30983
24782
13057
25025
24487
6387
8130
20525
29147
15935
16728
22353
9730
13579
4365
12899
27445
30235
21981
24101
5072
11235
25496
9257
16092
24384
23432
392
1181
8263
5125
3592
25591
2866
31646
5237
30288
19345
7047
15337
9406
32307
19742
24814
24637
3980
15068
2660
28630
10769
18331
9856
20149
1305
7118
5436
14594
12548
25465
14426
492
26054
27890
8691
15184
15945
8098
5154
23487
24039
30954
2973
5566
10333
13933
28586
14873
22277
12169
27734
9808
7407
10849
27721
30906
28749
3149
25554
32677
5685
24796
12434
6750
14752
14281
21621
30766
8761
7461
22315
935
26143
22028
21544
25173
8115
29063
5860
25938
29480
55
3976
28556
20809
25507
3858
2490
26244
24175
4971
23040
2101
10047
15637
29308
2815
32516
29499
19183
30520
9954
20037
31011
2280
3630
28553
2855
30872
17472
20572
26687
4006
8496
13589
16776
21644
4430
11531
4861
26648
31903
18800
12796
206
23211
19773
1315
14492
30884
13999
5950
30930
28418
3487
30833
17773
16274
16690
27940
22922
23896
27101
25518
428
28420
11537
11804
20756
11985
22238
22204
3597
24525
9958
29245
27968
26705
11468
31002
28337
23057
19807
10492
1868
10520
7405
18291
16576
2415
29713
32462
29849
12132
19239
5083
22522
2396
12972
9465
15295
8343
19846
28554
7547
27744
30586
10497
11610
24880
8183
15866
22878
22938
2460
12199
702
17286
22376
811
8301
29942
2204
5975
21964
17262
1208
21176
25042
32032
30102
138
18524
9671
5651
19492
20683
21642
3416
9722
15779
25348
27000
25044
25794
10851
30449
3170
10580
8683
19156
21824
12021
23960
27225
22089
1869
21366
22604
1933
20098
5128
7799
12181
26281
17941
1210
127
15874
11064
2503
30003
28822
30785
30403
29995
4702
7920
1132
19283
1467
2458
869
27070
20412
22034
20428
23389
12702
23154
14278
27564
164
31451
18008
12694
32678
12682
14095
18078
8840
28216
30793
20115
30263
1331
31284
5713
5280
22293
28311
26336
28486
14657
19704
31114
5214
22312
12362
17095
17488
7330
9496
7909
24993
3058
27812
17937
14316
21988
6038
23845
8383
19241
27710
14003
25127
10176
1996
4162
19098
6465
18342
30530
27154
18725
4118
22665
26960
28196
21787
12048
26387
22036
18917
23074
7119
8012
7227
20300
29445
3772
4934
4774
17563
3603
25587
12514
627
7642
12230
20558
9150
8838
12889
14351
8357
28890
9604
10808
31845
24050
1601
26339
14078
13468
12188
1718
30515
15051
3462
26304
29151
15379
13313
9314
15726
23990
2567
12106
28811
9108
5914
25955
25960
13416
27434
26833
8842
32654
26926
8982
7863
18106
31024
12475
29186
14439
16574
26262
1058
23349
28675
4024
4501
29794
26558
15581
1980
4574
2408
7784
29758
23852
10307
9673
32645
28507
3302
139
18045
16634
8122
16198
31215
17909
3360
18424
23383
14006
148
2555
26994
6481
6367
15335
16423
13320
15475
1339
6719
3277
24896
23744
18472
21219
22475
30199
57
12503
30653
1015
15090
32322
11853
9350
27259
11183
18439
11726
25703
32012
8172
22783
27055
11864
15586
31136
20611
4597
29439
14509
25200
5424
24742
19718
2989
333
11338
14343
29551
24527
29333
22404
8735
8837
12962
22426
6099
31608
3727
27127
6833
46
26344
12947
16315
14525
22906
19165
1460
29281
10472
2032
15921
26115
2861
32288
1830
27369
5585
9381
20443
28119
4407
2445
10717
23270
18452
7456
12264
19126
9735
24920
5821
31684
3307
32366
18927
6781
5655
2094
15655
3760
21035
21193
32067
11848
21647
5541
22226
25961
21832
22433
10958
26765
30636
9328
27617
31625
22322
14216
14531
6606
9769
6546
16669
9117
5480
17938
27678
13133
19830
7368
20126
11820
29440
29181
25803
29820
9930
24239
21179
16875
23534
32091
6184
8762
11654
9288
30338
24542
3859
24064
23840
20717
28804
23962
13558
3188
248
14181
2400
24604
20804
18744
25204
9510
15566
30155
11620
15312
25799
11954
21038
13549
29260
25035
21284
23431
6470
2010
3811
26107
10896
5096
21669
22680
4583
28065
12443
26945
704
5114
24006
13454
20002
14415
25338
15768
6989
308
20083
237
21756
19019
14875
20192
10657
15649
2697
28941
24062
17283
30442
13118
12184
13378
31381
17341
5132
19246
23005
17713
20352
21604
53
17150
8244
28901
19311
23026
8178
21896
18809
27964
2595
17931
4397
12424
21066
5074
10174
15262
17799
31202
16000
964
4621
18089
23900
17116
3
70
5705
5644
32463
17430
3708
21961
27865
32624
9283
13364
3218
11313
5546
21468
2427
22422
14798
8509
9634
26360
32234
2898
27626
10379
3257
25141
21597
31742
7111
12730
15687
17588
18141
29447
8904
28050
14989
25330
12405
22102
9829
26764
25509
4638
14869
12283
11541
24789
11801
17901
11421
23580
21493
23278
289
11145
26247
5537
31750
29163
18538
16917
11408
14814
20080
15710
17347
8215
29824
17868
2047
22741
17885
31511
21923
18883
13674
23195
29005
6651
26804
13604
30278
4408
23409
23746
15584
21762
29978
30607
7825
6407
28582
7285
15345
1013
12275
31113
26374
26369
22576
4593
23217
1173
2027
4755
11662
243
23094
21197
8149
2177
126
12387
15267
9670
17743
10716
3426
31901
6425
7546
21198
13878
30982
25540
26927
10859
19181
29369
32142
15313
292
17516
22305
6
15924
1347
11266
13823
1513
8723
31708
7014
11922
21517
15619
14944
3137
8354
19875
12198
6202
5529
3926
18172
549
30794
29996
7685
19630
28163
18247
29733
12855
19764
16841
10812
15208
18513
17532
6517
26504
23049
24908
4190
20739
4148
20276
23723
13519
20638
26732
10243
14892
7959
13201
11295
24947
25005
18634
21196
17661
29452
22693
8060
20290
12666
31464
16465
29991
18658
12973
21313
28889
3723
13497
23630
3935
14698
3501
26670
32066
4333
23334
13048
30076
18353
23742
21830
13137
24188
27657
14694
17846
64
15395
32616
7321
22655
26938
6582
4199
17238
5943
122
10246
30029
20994
20687
30798
4537
22689
12046
5726
25912
31273
29860
705
22714
12302
20426
11041
9836
5577
18535
286
3690
16843
19547
383
23240
16193
29066
27014
2875
9873
15069
3017
8708
30198
27197
8895
18469
32355
28365
4308
2782
3732
14182
17600
8847
11212
15377
24768
6404
34
19834
1548
16507
21229
19402
12358
13961
26063
14911
23769
316
27566
28918
28923
26693
26508
6328
7391
6998
18779
9342
32556
6094
19731
1076
7343
4504
20483
29886
76
25424
4196
4409
5947
18856
2868
2435
7537
28171
8701
11867
17541
19922
208
31409
32076
9963
10764
23065
12623
31368
25470
1834
15148
21004
1256
5451
31465
4269
6839
32006
19415
32697
27462
24526
12079
4747
10925
14230
32035
25362
23342
19472
27777
32335
3904
22032
7731
29356
18358
6506
17534
25953
29251
14186
13632
25038
36
13970
9901
25279
3954
26421
31302
5681
24310
6219
10131
11863
6091
28410
117
24744
26329
2711
20527
22710
29939
11823
6892
32486
31318
31736
142
27451
32537
20537
23901
90
3316
17170
18378
28574
5275
21735
6223
5900
15928
14263
12963
11861
19919
28639
8099
18480
31217
10660
13845
16089
22583
30537
1534
19921
13172
16487
16488
27276
20888
60
19555
5481
20693
15942
11594
29968
7751
23832
22073
23373
1817
27982
28110
11797
7708
9821
969
19307
19841
4665
25003
1886
4879
9934
32648
20521
18890
26249
20187
2021
15795
5355
31058
32477
26977
18368
28048
7620
15082
25124
6307
14357
31393
8135
26439
4900
15845
4104
18973
21332
30328
24864
13214
6326
613
28781
14348
7174
10631
7964
27344
9749
21675
25643
28306
17560
17158
26026
1446
9413
29380
11409
6591
12451
1563
20875
14221
27832
7762
16933
26873
18695
18666
20492
12665
18211
15617
13389
6271
15044
31703
17324
756
6388
21213
2836
25487
32236
8648
24887
11502
4818
32507
13876
24024
32173
7646
30923
12098
20003
20171
18198
6497
13102
11562
15553
23111
3588
14926
22946
24318
29975
21386
23140
13621
15176
24969
1687
9225
8983
22443
20712
23481
25950
24852
7986
8069
17204
11298
28573
7954
15030
10522
13274
13844
8250
11604
12140
12166
11903
29938
24367
28891
25298
17400
28498
25874
12248
20774
5966
28611
7487
7442
2199
1474
14782
6974
31860
30864
11748
30464
10509
11908
11315
28032
15223
6442
31160
5012
10032
31874
4875
30493
21073
28459
32561
1424
20623
30883
24634
16847
14004
8965
4204
17145
22334
14971
7548
13054
9844
8863
16831
23377
1302
26569
5467
27285
29770
4466
18388
1296
20068
2635
22707
712
23078
6042
15401
2822
10804
26759
23653
11513
19621
24155
8946
7016
19592
25104
32118
26175
2988
28055
18482
4731
21445
25638
22580
11488
23688
15100
8757
14203
24262
7103
21427
2283
5366
25834
32327
26870
15347
10066
8161
3868
23526
30346
28699
26552
8416
31520
14041
2515
4746
20488
6130
14187
1643
11679
17947
12881
27871
7955
15032
5005
18850
3674
20792
17342
12352
32299
31489
11760
16709
18831
21953
15912
10605
22492
2699
22563
1382
3434
4136
6399
12452
12825
26253
24942
8195
11978
23120
27103
30658
24070
410
14386
22174
558
17079
28767
11979
7624
4291
31729
8760
7004
22608
5949
21283
21772
12467
13071
32694
9083
19501
17031
18652
2468
23593
13682
18620
15451
30772
25337
24687
9390
6691
5741
5248
3746
7067
14661
11892
20624
24756
1293
14477
21418
30250
13587
23851
22936
9935
27413
8141
9467
29603
21634
4233
5953
29042
20543
26919
17973
8363
16795
3346
2519
22397
26714
14149
19682
12870
601
21376
22569
15808
31697
30689
20358
26312
350
8126
3241
19784
21570
17143
32734
15699
26583
2962
4790
20927
21751
4417
13761
31386
6578
9583
29018
28758
4738
19471
7640
27630
12937
31174
18007
16635
6774
12924
15094
13847
8603
14909
17812
1095
17591
29118
13268
5507
11856
18761
11122
772
15188
11793
22274
3232
27551
23435
32706
10010
11764
7168
21354
27378
25526
4420
32571
22239
21221
12422
23388
14810
23760
23399
16692
4927
29887
25485
20138
21101
29892
19980
26042
18127
13085
26560
18234
22176
31280
13476
1676
31484
21861
31857
3114
11256
23560
4268
14389
30063
21935
4822
19146
18484
14538
9846
29016
20861
7734
6182
2664
4047
11648
24192
7288
25108
31591
30436
23612
23098
30180
6390
18406
11921
19473
15164
8743
28115
28791
17088
23478
17935
31041
19581
785
21591
17907
30918
24964
27822
12265
4555
1712
22470
15209
6466
9734
29131
14237
11960
25576
22592
20595
29045
27114
29340
18992
26147
28154
12244
22746
25086
2591
5763
13484
23329
20685
17512
7827
2695
9041
2369
19484
514
18425
17675
15970
21860
18743
15716
17246
3886
15025
1667
31531
8726
22882
1136
30251
26152
14226
13667
9008
17696
9471
29135
13514
25477
7542
29843
13743
6812
28740
15346
11847
2139
8031
7890
30296
28184
25069
25632
21435
27621
14119
14
13184
1062
20722
28491
823
30651
2365
25019
7331
7280
21098
7544
15244
1345
7126
5675
24931
13247
14476
11958
5626
15511
18040
14045
26117
6196
16547
20628
29307
3910
23073
18516
17267
26002
31985
13246
3966
14456
4813
24116
4926
23870
8545
11810
11342
29872
588
22245
1811
28696
18500
16293
11126
2534
347
14682
29235
12632
21065
29195
16248
27958
22171
25725
14036
32071
7481
30399
30804
14568
15083
9624
20501
22838
8035
259
20746
12498
1936
12289
26409
3407
9403
21260
29646
27253
10455
2937
31455
18400
20594
9277
3975
19483
17336
5127
3617
14664
4251
7510
12339
17205
23246
18715
10778
25054
20221
7245
16518
1224
26443
32174
21813
16701
7486
25473
7171
32603
14628
265
10125
24471
553
17970
18300
25504
8017
30173
26620
18665
5973
27693
12862
17259
4660
22940
30732
20217
17129
3743
16346
3648
24379
20591
18005
26190
9939
21412
21250
4260
31995
32494
16418
20389
17925
5294
28591
12515
14813
15973
25392
31384
3127
21576
14334
272
4460
1294
21512
3934
25833
11755
13068
3593
19820
26840
685
5389
4547
17871
6671
16214
10731
4817
25868
12553
2233
927
14583
531
2851
17319
8365
6620
9397
15130
30985
2581
19421
26480
29491
4796
31074
20645
6107
8941
26248
6260
19177
20359
8219
3656
9373
4556
18539
710
19135
23404
17036
2275
11560
23344
16004
21108
2636
16246
8918
14454
3571
1203
20220
26612
27463
5517
23854
14384
7033
17589
3837
18648
10881
25676
13638
17148
23131
21979
2418
31642
16584
5882
31007
25265
31588
24773
21291
16780
24095
26610
31766
20677
3756
14192
12416
18616
28569
1303
24004
8934
6765
9861
5090
6608
21802
22048
10977
5028
26694
19754
22337
11465
23173
19081
10575
22618
29207
30386
24600
14388
17700
10233
17978
11303
14723
4210
6478
30132
22340
15721
7149
15546
6069
14158
19673
23908
28072
5857
3311
11107
26079
8397
27919
7318
4247
31385
28718
1677
26698
4089
9676
29166
31015
9034
23971
2209
7768
19474
7539
16551
4906
19685
20863
10053
20584
5646
156
21089
7412
24836
16167
9398
14163
11275
9445
24387
922
7296
31145
6946
31415
9879
31367
9853
19899
14967
10094
6889
8454
32241
9884
1737
20072
6920
30433
23621
30580
21277
1211
24129
21058
20854
27488
1084
18088
4519
8530
27150
2964
19199
6971
20417
4207
2919
25522
8476
1195
7038
17509
11279
31970
9761
18902
18148
6815
9372
13836
21687
7217
17922
18370
1306
1206
30593
16929
18202
21074
18487
11789
22131
31983
8147
15503
15565
17581
21351
14446
23961
23683
4847
6880
29536
2521
4003
15576
4780
27976
11226
7395
15289
24792
9797
19093
1805
32735
17561
3001
25771
29750
8508
23398
11434
12104
8989
21036
25945
28568
24309
6721
28961
9064
13387
25902
22482
5567
31444
9497
22760
10258
13186
7811
18276
9556
18901
22775
3151
3070
19457
27191
25223
6405
16631
23072
32151
8335
16638
28509
18707
1381
8474
30579
15189
22075
14918
26130
3781
30746
6849
15366
3324
19070
21690
12780
6677
18449
6567
9588
293
28897
19193
24030
29518
2516
15925
999
12588
19965
17507
21905
21731
9767
7458
26127
29024
13793
10304
22572
7994
16846
31184
23358
17977
13801
31140
18433
23155
3056
22702
12243
2377
18185
27955
4015
8849
5513
6071
2420
2932
9103
1613
17090
25412
13392
13738
8896
26745
9933
23043
24509
29359
30388
9938
18745
30258
28012
7491
23897
15792
19603
6952
29134
15744
12492
12785
17107
8940
6996
13623
13995
31654
27809
17946
12263
23945
27255
26116
7340
26846
28156
29400
9160
10286
22986
15167
23541
29382
10985
5738
15124
28355
10529
17195
6438
5185
29558
24322
31968
22594
23321
14291
17754
30548
14864
8197
26668
24068
31497
13805
25305
11517
20261
13592
8866
18463
7307
19661
32154
28521
25287
7535
22808
4605
8819
24390
11507
18335
1416
9848
13934
22636
9498
29831
21347
984
21660
10641
346
28201
19554
1900
10080
27967
8096
23797
20916
17332
19533
21370
742
22123
110
30431
20372
2783
6131
8541
3546
7714
23616
17526
5586
28341
31835
19695
26446
19384
20280
22672
29378
483
30319
12017
3883
11435
18252
21750
11905
2230
14920
18162
30231
5812
14397
4786
10903
32714
12671
12459
15797
7375
13803
21574
23836
31539
29900
22184
21194
2039
32676
22323
13271
1000
10112
16502
24259
6784
27080
19725
6980
26746
14713
15369
24874
1421
5030
7071
13341
4983
5937
17470
16474
32370
14422
19414
13501
6910
9165
28841
26367
12007
14634
1884
27207
23473
8210
9743
1190
20398
22554
26748
18392
4077
32289
19105
22700
2266
23952
4889
27954
707
30243
24933
31083
31475
32573
19565
18144
11281
20626
12734
353
14678
21976
10581
15147
3191
7329
22185
20790
25221
6609
18739
19213
19702
18899
17826
19571
5362
398
7977
11525
20725
12757
29320
19116
7835
24170
1434
11510
28857
13213
13404
14860
9379
30620
19235
784
1703
14102
25159
28396
10399
32224
10428
10300
27061
30371
12977
31000
2206
31372
10544
7722
20986
32261
25698
28416
18672
27373
31929
19322
20603
13464
6670
12982
10416
28715
15221
12309
23466
21949
25980
7942
20489
16003
18380
2056
29627
10591
25711
32539
16161
28349
21514
20585
486
15634
4695
23833
16470
5359
31926
10890
19207
8020
9745
22562
15236
32586
6694
30420
30276
13809
16224
606
12654
14929
8928
20284
2306
3156
26851
30291
8344
21364
20246
22829
7970
20232
9089
9178
30724
10128
20925
6528
7410
6431
2379
20029
1710
1327
17119
24442
30070
27471
27468
27629
14508
13620
2654
23719
15522
10013
23450
26821
4568
7541
22451
20983
10592
19705
107
17578
12650
24677
20150
16684
25596
13733
22607
6031
22915
29755
9032
30130
2102
5166
29433
6835
13537
22833
24296
21572
1370
4228
24048
2657
11783
22390
21003
25636
27366
1781
5110
6735
16152
2225
10811
6160
12010
29448
4697
21285
17313
13757
5552
22065
10765
2827
11781
464
8011
309
23959
1100
31051
1866
20039
25609
6832
10144
25619
25380
28195
1091
28021
12143
13295
26679
12960
13993
14724
1531
23468
2192
31433
31413
31644
10640
6063
18223
16879
2984
7077
1343
4594
3271
302
24119
7566
26299
5716
29225
29248
31976
11027
10586
31391
12886
24664
15707
24074
30217
7254
25351
29784
9177
27815
18231
10185
18366
2638
6401
22163
25034
12684
30336
10242
13446
13194
10871
28275
6734
577
27068
8756
20161
7979
25580
2843
12008
19047
10850
23931
19398
10256
9184
11227
22874
6519
29821
29123
15355
10437
10629
3670
11962
23991
27186
23193
24910
14627
13301
4799
2430
23518
12564
15329
28121
19399
21931
3942
21682
838
14927
21084
620
14982
7671
23548
28915
4396
18916
15078
9199
18277
22294
22214
29168
20145
10109
11487
24295
10872
27189
11618
700
22372
11587
3468
28335
3647
20131
7021
12912
23198
23012
6689
29036
27889
6300
19960
4170
15902
5483
11830
30447
21990
30282
25396
24678
24332
29162
2895
18860
10934
28516
30053
1264
25077
22352
10140
14228
4823
17381
10840
17241
10168
28456
29471
28818
21413
29148
29653
32570
29580
13254
14716
2587
14443
22222
21723
16331
9660
28285
24396
12995
21131
9973
14436
6726
9948
27797
25917
2627
26850
13277
28312
12957
196
21718
16256
9110
16645
10707
4490
949
16948
21729
19144
18852
23323
7359
876
25480
502
14554
12887
11608
25
3574
7602
8055
12399
32547
222
6674
31610
30633
27543
14667
27370
74
4644
13463
7022
28112
19812
202
16798
12330
22329
29110
10946
31546
12902
26445
9799
17376
7814
568
21680
30878
12403
12246
8954
982
18396
28861
10403
7202
18832
1245
25753
22375
13353
19158
23248
9940
20578
26263
30796
24415
18944
20992
20592
18052
18897
8768
31003
32386
4374
28405
23220
29904
1566
3138
11849
25326
12903
20469
5835
22901
10981
3450
195
22755
22284
8809
8823
8400
14093
31862
27093
9365
32574
19711
11851
7088
28076
16927
22143
20834
12575
3586
1974
5750
20943
5993
5209
22074
16565
8795
17876
16153
12649
25743
32655
22826
13493
28787
31692
24820
4880
12914
25564
20182
18033
21367
14483
28071
18021
9389
7929
23136
30858
25922
22627
26192
3339
1951
25976
27457
8088
1648
1916
24588
9144
29223
9334
4010
30422
31076
19532
24224
15161
19041
12412
777
5106
22635
3075
17140
29735
29217
30168
19197
3106
8874
15901
18382
11727
11655
26040
12487
26536
25094
32183
27620
11771
3027
658
12307
12545
5591
25768
9133
14816
15472
32670
31467
2054
26098
134
31516
7740
3107
19658
12457
22837
9158
23011
3792
24619
30635
18791
26125
6727
31203
17497
20672
29809
24990
1901
20457
747
22005
9304
32665
972
14783
753
40
22531
20286
4582
6222
2295
16646
9898
31930
5189
17422
6263
22157
3380
9081
29009
31735
1149
19018
4074
32444
11808
15256
23235
16374
22626
25748
2001
29197
29998
11581
14774
14205
15021
26047
2070
12830
1701
27873
10884
12760
13120
8382
22029
1017
5034
3598
22765
30618
25579
1029
3539
5925
31371
28985
3522
19678
19987
22727
28643
11086
32392
14448
10290
28778
16761
16540
8362
1931
9617
1232
24151
27884
6296
8893
16838
22668
13275
14712
9618
12473
27332
29500
12697
11040
2005
11269
25150
26998
12402
13889
31491
22326
6395
11159
19148
31618
5942
8185
1652
25441
4108
11362
27216
18920
10341
30929
4916
30816
6037
23939
23940
787
4322
24183
31072
9113
9170
1593
19082
22585
1981
24547
16359
6682
5411
23376
24857
1600
20211
31062
12664
23983
9266
12574
32623
10486
12481
27885
23470
3023
5038
19194
12619
12013
13819
11837
30072
29490
5495
18259
16708
7213
8180
10079
11403
4016
32627
20745
29786
4637
29152
26523
31194
14670
20868
9053
17362
12324
4878
32732
4416
19546
10539
5264
2120
6424
14765
2247
13344
8905
27778
11055
17614
15214
32711
8703
30139
29389
23667
24543
16458
32739
22673
17732
8865
24365
28898
11952
4211
32215
4368
19173
29144
13015
20294
3518
28207
32160
13722
23793
15053
8322
13715
24339
7438
13143
16570
9481
30686
32657
29895
17926
1129
2495
9997
18591
13097
12176
6869
30348
8903
24913
30158
25419
28298
17464
5936
28056
23440
8417
17813
1188
3201
5543
29982
25883
9130
24927
3399
9959
23730
25406
30466
16393
14151
17055
10184
10003
3533
12715
31068
6623
3174
12556
19214
5572
16386
18984
14917
18284
11245
11580
11499
30892
29564
24577
18922
599
6905
10440
24551
8657
19309
20734
8689
11641
17814
13063
21045
28348
13709
9256
30575
8081
8503
20055
4147
5405
23506
31001
15169
7231
25238
27907
8466
13311
30578
32565
6279
16376
30716
8602
6336
27652
11683
2806
20249
26185
19999
17881
13498
20839
27925
27422
19254
29703
10732
7864
10284
27914
5888
18506
9183
22881
6539
19113
26475
12804
7177
22220
15348
9490
30265
29364
32034
29263
30106
15408
30859
11380
25390
722
1638
18087
25530
17968
12857
17268
5169
18274
11314
23645
18663
20564
11175
27960
11321
17345
2767
30117
31317
24799
13627
11652
14333
1090
19287
26014
11939
6322
9500
4684
10813
4020
4341
15091
22754
31960
1032
20548
8237
24775
19958
14322
14886
1580
17884
17408
13156
12740
16608
13126
408
22533
15040
8699
14776
22310
10783
25565
16727
24761
4947
24758
17061
18190
4253
5340
27531
5977
28137
27729
2433
19625
3798
18369
3261
20926
23890
19499
14013
1713
23433
30634
4721
27126
23494
3437
21159
26135
27996
14147
1707
12460
26260
18722
5575
16143
11333
9804
18769
21711
16983
12819
6808
25866
17124
10297
5673
18627
805
18096
24165
5781
18245
5087
32738
19088
29139
3025
23922
23791
14319
9204
7976
9677
15884
21382
6140
6712
21348
11607
27015
23758
12151
23801
5746
3195
18873
28666
2899
9619
23878
25417
23515
23679
15609
20497
12035
10054
13288
23256
9025
15431
31524
22993
25746
18328
3480
17295
19001
15162
7463
19652
8502
4018
16499
16972
30514
28300
22683
26681
17122
26413
20665
24638
7908
25967
2693
3095
17016
17770
11940
11704
3431
28680
14794
32149
23252
19362
16056
25444
20552
15060
25015
2795
9399
20413
10688
26812
29581
27999
26178
3349
24217
7167
25413
4481
22178
18465
21154
30154
30089
24854
10941
719
3510
23838
28097
23480
31950
29322
7396
29946
20827
24828
12255
20881
16665
13726
13815
15252
260
32524
13695
28886
9259
11009
18001
23271
13159
16751
11678
14635
11626
11004
7313
8176
31471
12882
13534
14630
25285
9772
5091
493
30826
24492
1216
4892
8637
26794
31537
14499
24682
7507
12061
20788
32278
12011
27271
16065
16199
21060
30476
15577
4819
25117
18204
20729
13452
28571
9721
22159
13724
28035
2026
29959
9895
23824
30057
15775
28596
16312
24851
21172
9823
7303
2844
29084
14737
30920
28883
32612
4899
25663
11221
2960
26883
14117
29312
24247
11633
31894
15580
9348
23032
18983
13291
17370
30666
3702
23018
5205
28383
5871
25031
6547
17638
14266
31240
14127
3476
25158
2891
15995
30365
24703
5549
25708
6937
23424
5033
20053
9568
8622
11999
13921
29503
29202
23372
22083
10875
28140
29951
6968
21601
13001
5289
7867
4234
5417
10938
7692
779
24003
13935
32281
17979
4777
14763
2803
30435
7115
22393
6619
5474
12793
26911
11673
12379
566
1719
31763
6289
32212
11914
20692
1542
12952
7197
4484
13352
1478
16828
18317
14559
24572
13153
31972
23460
5686
2046
7260
30608
23743
18878
15111
20981
16319
2580
11689
16923
19651
12845
24368
5986
7760
1833
4922
22456
2142
4988
31944
16720
17056
15482
11178
26882
4727
21008
32268
7598
26675
4054
31761
23114
24598
27131
17504
12071
6747
18900
19740
8028
8387
20170
7665
5361
1615
12767
29948
7337
9367
11358
20264
20797
17426
5889
6106
29839
7201
6667
31066
27509
1304
28847
26628
25838
10943
2064
8194
28565
9965
9337
9273
11388
27421
1399
10950
17421
27469
12353
26266
6208
27405
31885
18717
24794
14606
7289
27290
8636
14258
9202
29757
17468
17032
18109
3795
26271
1151
23236
10553
26426
6537
17496
10923
32669
29811
22685
19209
12217
14647
372
14081
18239
12483
24241
10729
19437
20400
23554
1554
28189
5660
24171
9570
31941
27572
4801
16396
20362
7904
11167
19964
6142
7715
21924
11780
8192
266
21017
18262
8079
23427
13069
2849
30445
10527
29055
7151
3314
1827
5714
32563
4658
26400
7755
30887
5674
29515
12273
8225
2265
25801
18014
23634
3087
18674
32457
29934
2309
7771
3842
23353
15241
25135
14962
30201
15269
8163
28271
32140
27851
28600
28086
25808
10720
28606
28227
12222
19027
7991
11667
3536
7701
9525
30268
28906
1105
9555
16410
12303
11636
2386
1716
11738
22770
15038
24079
1071
25352
3709
16659
9122
365
14930
12485
25146
26333
18332
27737
12394
30670
10120
1175
28389
22405
22195
10744
10117
23508
1841
9302
2632
1522
11374
8255
13294
31915
18010
1941
14090
32429
22384
26894
15291
7643
24876
27121
18217
14809
12271
23474
1285
16162
31421
9610
31221
30001
30006
20077
27560
15175
12455
21823
1280
23054
14115
12186
27078
6268
23765
6139
12317
25908
15303
3256
14683
15552
8087
27280
22186
6085
6020
17173
466
23618
26067
9916
6449
13094
23549
23874
25661
360
2870
13886
32036
11527
11925
23341
21535
22897
14792
1821
32469
2948
9540
10012
28599
9135
27133
13837
16796
22976
2149
21689
8769
7068
24932
26703
26456
15283
24232
28206
10698
7856
24199
28231
25826
16560
6868
32364
3467
17067
2883
2882
2273
13915
7515
12993
2384
8078
15937
6173
29317
970
9521
23881
19530
10251
1348
93
6023
14994
21000
6997
7184
8426
26226
7686
4468
19167
7037
29743
17639
21258
31936
22523
31920
21586
349
3800
18208
29730
27623
26230
27425
20319
6303
29802
5843
14567
30382
20865
17405
25948
22929
10552
3456
11018
30041
3327
8647
2269
31502
22544
25599
24130
25940
6398
18724
370
19228
1217
23942
4346
5793
6109
27105
10675
10614
18104
1508
7290
20884
10271
25000
28859
20063
16181
10086
5510
16741
22817
30255
30110
22190
7853
28209
12429
14432
11492
338
11337
14349
7801
32509
20292
16742
22734
17693
9031
19683
22515
5290
29013
26877
723
15253
28465
10405
30114
17
13376
26154
18998
16678
458
25457
22516
24952
13683
14046
3515
15926
31291
23741
16032
18911
17805
31942
25346
11399
15224
27538
9776
7688
4355
5069
2082
12105
19091
26118
16456
28368
14019
503
7716
3196
9015
29539
20473
13550
19364
303
10604
22949
2440
15938
5827
18212
23624
32517
19361
7298
17967
29417
13161
4619
31023
20567
9238
24675
31564
6100
9318
29176
23522
9589
10530
30141
15084
27498
11006
26839
29021
13962
8659
20524
30344
31195
26782
24142
25211
8956
11706
30510
31631
10645
32082
24888
18764
6701
32482
12966
9241
28519
4729
12672
13864
21417
29596
7538
10015
14777
24493
29761
24971
2334
12689
23972
5489
5784
13390
28877
23804
7557
19544
20197
12841
17100
11477
29008
25738
12173
27743
30603
3504
22723
14901
19529
14209
878
18308
5938
25758
20906
6435
19822
23403
7757
1735
4837
21273
29980
13948
23245
24208
10293
31157
30900
12560
23093
12371
20422
15353
25088
20808
22730
11926
1326
25178
14796
9559
8634
23075
21901
8513
19670
32426
27624
16525
1706
25139
28589
10738
18997
22177
6770
16823
10736
29852
22481
17942
25907
923
24264
13635
11993
5097
12917
1739
13696
5010
6714
24988
25376
3623
9996
21122
16383
2869
9395
32548
16959
7273
298
8224
9922
28636
7889
13380
16226
10390
13455
21926
10394
25925
30896
21646
19828
18884
23083
20168
17478
32601
18270
16639
29450
3326
18466
29521
24099
11566
15445
7647
30897
31651
30316
5610
29455
22616
13773
3633
10407
19601
11364
31208
6990
26232
20314
27722
10919
15615
18415
13877
31060
10672
14272
24455
960
20503
23802
18889
19816
17838
11681
23539
16745
5876
16126
23947
19411
17681
13496
45
267
2221
30534
28272
14421
29424
29847
1800
3532
4155
13433
27808
21940
9550
6065
22498
24689
32205
25105
13365
15045
8772
20833
14828
30189
10075
22117
27417
26184
7404
29475
17289
21734
26132
15338
21170
26672
29221
11557
2296
18615
25283
20471
16579
17879
28199
21700
12215
10798
12739
11074
13395
6185
24787
11719
1989
22057
14610
15502
17209
13483
17310
4379
31345
23125
418
9913
22696
3821
8788
11160
14000
22691
4059
11567
1185
15292
3018
29292
21839
18661
5861
15327
29964
20006
32294
4132
11835
27356
14070
5885
31137
9978
18125
21558
22360
12798
32579
30811
17657
12537
15225
26451
28800
2093
3721
3660
16345
18522
23885
16705
25195
14223
28457
19604
11973
8372
6754
1888
7439
13510
18446
24432
12731
21401
9835
15518
7206
30084
9258
27799
795
14804
11614
24788
23714
7
8995
5826
1843
2740
26188
2037
28647
5693
31212
14142
16602
12093
4770
11323
26053
28949
16997
29392
296
9746
5762
14485
1383
7744
19580
22019
9102
10343
26721
14355
26763
19755
17373
14131
9264
14315
18359
609
14413
29837
28520
16562
21812
21696
23641
27158
27233
8239
6570
25144
6272
30975
29676
31379
4710
3525
8673
652
31271
11509
9186
32314
30743
10999
4992
17202
30591
3613
30370
8992
27120
30036
9630
1938
2737
16913
26280
12789
27224
31235
425
19400
8740
2073
17810
32718
30484
2804
10767
28495
5770
10165
6655
22801
4894
8449
5397
7612
15426
1837
4771
6174
29011
32216
18673
5625
26969
12160
3364
20764
22206
12102
14943
30325
27647
20609
5130
20589
14269
22552
12566
281
21136
18286
21519
29675
15290
5311
14455
473
25756
2348
1377
8645
28030
27609
16294
4174
19632
6657
5119
2169
25769
27760
20924
9115
17183
17643
25710
1379
6520
22540
19654
14950
13560
25755
10961
8951
7086
18069
3512
19901
18072
1464
3573
7253
15233
29394
20919
5456
16286
2371
30465
5866
4339
27703
2941
32286
12170
11457
729
20674
2596
31128
27359
19932
8331
17852
3553
13028
25744
26290
4302
24355
13205
18336
10320
31994
29497
27250
4821
23476
13937
21475
18818
14837
792
27881
25021
32635
2607
18138
25520
1990
14071
32759
19736
1828
6730
22374
29384
904
18806
22225
31296
12964
20946
5320
29495
948
14751
12907
6266
1126
32199
11456
30921
11003
10594
17782
1007
4630
17882
7952
4218
28654
10777
26955
1014
30710
14848
12876
16546
28260
13504
26287
31470
27459
5524
19374
10973
23928
5898
23969
16390
6281
10460
8064
30223
14459
19127
25916
16621
3918
5698
18910
22840
2325
11731
1431
20391
27989
4319
8179
20038
12638
4797
18268
30009
18086
18117
6368
23577
4865
9470
24983
20498
25601
25985
22210
22701
27924
20437
15458
6717
12376
20590
13480
27057
1907
30317
12312
11404
16694
9532
13861
1332
29545
32000
15432
27638
17304
13917
8074
4295
15843
8391
26209
11505
28172
3381
24306
8337
29454
27840
31171
28393
28761
18676
29330
27622
8018
26842
911
25842
26468
32298
27059
14587
28968
894
21784
23274
23619
22464
32478
13360
26270
12815
31101
1697
21209
31095
28990
24242
4331
24502
30099
30312
6070
1699
14152
971
31843
19430
9107
24506
6192
20219
11616
14808
13954
25835
23873
31359
7474
24135
5676
22779
32072
27030
27798
21752
30671
3698
31281
29104
15856
22571
1784
21195
13456
5555
7270
4515
16093
21904
9923
25079
2840
11186
3569
27007
227
19385
8812
29074
2641
28077
11205
27029
1022
484
1728
2738
23737
19646
8441
13406
25506
9584
3433
14530
2715
29566
31986
25334
1962
21722
25620
30471
13814
9409
23752
20971
394
3366
24300
892
23445
6291
10599
25381
13486
14717
7613
15394
26122
9982
31811
3224
15195
24826
9941
4246
31886
18733
28908
21318
20164
278
20872
6370
3644
23686
1704
5619
23228
2028
22900
30605
11551
17669
19793
10536
8199
11535
27517
4567
29506
1514
22453
28695
5732
22336
9747
16215
29825
13894
24053
11536
30103
23148
4318
1581
31093
32360
11595
19924
30478
21342
15399
4271
11553
30109
16101
17992
5526
539
4275
24916
13956
32004
10721
26251
12227
13896
686
16615
11103
7453
13540
25918
28943
10240
25856
16782
19202
14624
6872
1323
1003
29020
31276
12444
7788
20188
17921
16837
22342
10087
8107
2752
8498
22687
24882
14475
10037
19031
24202
285
25479
2140
32209
22793
27824
32303
8638
10892
25899
15097
967
12750
7746
21945
29728
10534
22291
65
8774
16521
22935
28665
9421
11508
8392
24544
21643
26174
14646
8782
344
27781
4877
27013
21777
11894
10842
18914
28512
31127
5647
19905
1038
29493
13602
20346
10598
18387
5044
15635
6486
31094
7501
8979
17423
30629
20723
453
11854
9947
24036
30642
28920
26307
32641
3722
21843
112
28576
4037
25896
16571
2753
29838
30667
29193
30366
3172
23597
8491
2399
22712
11716
21234
11722
17214
239
4159
6221
6740
28319
31622
18587
11787
8511
30600
21937
1565
6845
14870
13090
10213
3551
3266
23133
27032
28965
120
32161
27307
22958
14377
22836
29673
369
5995
9294
97
22122
32310
3848
29218
15767
7322
7256
25597
16893
31176
17809
7765
29302
24741
15123
20166
13544
16452
16534
1372
7941
27946
8627
28707
20760
16170
3219
15913
31211
15177
30279
6439
14184
25062
29436
28615
643
23076
2979
30704
15393
1525
3720
25657
14714
1708
2146
684
17586
19653
27786
28047
4461
29459
30225
13983
22253
21533
6417
9883
6709
19648
1201
29584
30937
14268
9060
2549
25788
9271
13252
8915
29524
30943
2409
32443
13783
9793
17076
22387
29180
15703
30404
15284
3627
5153
27852
11976
1238
18636
30723
4766
10062
28108
10308
8752
15190
809
5584
2726
9262
24685
12596
16283
19940
23175
1694
32385
24872
12725
5935
11349
27856
6707
20718
25033
28902
28436
17956
3990
15628
10550
19238
25819
31323
17109
555
7883
2612
15979
25093
24539
23513
14605
22744
4725
7445
3969
5959
24838
9729
24599
31882
21378
2731
14401
26068
20021
29393
31131
8206
17264
9552
2739
26522
29088
5963
10045
24249
31098
16395
4854
29247
12082
8563
7724
7181
19382
23417
1741
1829
2195
8347
22657
24147
14741
221
25262
24128
16384
12024
21446
13093
1927
16657
27792
32687
14941
2385
25057
29990
29049
31346
20419
20539
22069
5958
27715
3054
23420
11714
29511
5161
420
9174
11606
30576
7187
18629
18578
30320
22350
22921
246
9615
3113
10636
3786
17854
4525
3810
28645
6462
24516
17385
13218
10589
32068
12282
25484
28434
1675
12512
4239
15151
16186
7861
20368
23407
29472
16527
26477
3628
14536
21871
5399
31694
28907
17677
25110
16994
12340
23499
22097
6543
26539
14625
22843
13821
20579
17220
26015
9704
11579
5730
17712
21641
406
8935
8531
2274
24842
25171
18142
23367
28353
21358
15486
25466
18102
27897
7802
8328
3161
2422
24150
26007
28842
25264
21727
14327
22137
4178
3483
5231
22037
3167
30531
4798
24831
18080
17990
20851
27900
4321
30879
25166
12535
5771
28655
4987
9744
29587
17527
2544
9159
8046
5603
2083
11430
1765
26518
6866
23317
29077
14505
19534
3451
28802
6006
26131
11154
25174
24845
17742
23307
26436
23422
26298
1023
3378
28166
14324
12250
13891
31932
19178
18982
21047
2472
4502
22398
29537
26427
16381
8368
7661
12242
31793
2781
1556
3971
20090
19149
21556
17006
7382
28152
19136
25037
31402
23924
3369
474
5895
30555
6369
610
18700
6579
23913
13175
18222
7700
10287
20142
31022
3227
25785
788
32536
15294
4584
20619
24816
29815
3773
24010
650
8048
8830
17309
5829
27666
20812
15857
19240
11751
12613
26791
20743
75
8817
7080
23387
6629
9822
21893
15251
27640
3343
17703
20401
31513
3866
31510
16149
7026
3263
26457
18166
10514
21079
28291
14715
24110
24305
20740
6883
9586
2497
8327
32569
30662
5919
16581
13612
13405
28423
10595
19801
30455
12747
12723
23171
22487
29232
14566
15562
13960
20048
24895
26514
20660
13262
6874
29347
9633
13149
29878
18442
21527
29097
24311
19868
8274
19597
23859
9197
31658
27470
25467
22040
24125
28821
28297
20909
32499
27134
11127
3506
14663
16334
11345
22851
8887
10482
25741
28656
2651
8711
16791
26222
445
4084
19301
29844
10926
31880
27603
8256
2543
23385
15226
17566
5095
15467
26431
12430
22634
2025
26997
8037
19966
14168
30054
8798
30088
32407
11701
2982
4455
15641
28687
11831
17169
22850
4198
22018
31623
16793
15988
21513
9740
21220
9504
25514
20642
21639
15280
13811
23132
21865
5186
22797
1445
898
2538
30392
24211
32292
30779
9477
7462
2613
4066
19109
30
27783
23795
21795
23609
10134
17459
22961
22140
19588
13162
29050
22716
27591
24273
9085
22890
4164
15754
22118
3493
12875
31905
24929
2184
6685
12710
32420
3659
3124
16373
26279
541
21140
8937
3190
7575
23816
30875
13125
9967
9748
6535
13308
23087
32131
22236
13232
27769
9461
27497
18692
23359
10650
23764
22790
7065
28382
22889
30745
20799
31404
4724
7653
30437
24409
16699
18953
17844
16618
8446
29089
18697
29994
16306
18418
11222
16569
6553
24452
9
12880
16323
32056
25266
5650
16890
13234
13420
14788
25404
28794
22287
2219
14462
27583
5534
29912
9685
3470
17861
3230
28561
18064
22789
17929
23362
27256
25893
32098
22606
26448
31461
17207
5301
26707
9218
31043
2533
12488
5739
22623
3718
13374
30208
1524
30459
17825
6341
16802
8841
9872
15035
8232
32284
23598
25800
5499
11367
14236
18861
22925
1463
13384
919
26645
22796
10686
19012
12499
26546
17829
7564
31178
23909
15962
27747
13975
32722
30014
32083
7648
13298
12351
15774
27294
30901
21525
24343
13599
19867
27801
158
15681
6400
1360
13990
18438
19245
26004
18019
26487
14212
10734
29540
10257
20107
32265
15238
14987
31784
2087
6165
6458
28295
19716
18182
161
23530
25519
13228
20984
13737
16696
15000
1721
23585
26989
1133
26740
25662
1965
30527
452
12792
6033
7514
23735
3876
15934
22014
5345
32311
3288
11547
26060
13687
18097
2563
13305
4358
4831
25249
4366
19567
773
24047
26497
14105
10329
241
19667
22948
14907
8093
7990
5026
16979
8170
22766
8521
3825
26635
28468
25315
24401
17081
18184
25119
27973
25070
32227
12436
31640
17611
17511
28651
16069
11451
11968
24425
9222
31634
24436
29764
19914
23233
5088
30675
15141
22049
10373
2993
28290
16901
12489
29060
7918
2818
12536
18573
17785
16225
4890
1577
31739
8310
25889
7974
3371
15440
6906
29597
8442
29572
10933
31907
5608
31313
31166
676
17746
10912
32436
4476
22602
5789
27173
11048
32442
11091
2443
12453
30169
2484
16303
13639
2390
15441
27862
17484
31018
30059
2557
26660
32258
14008
13270
17451
5107
23429
8534
18803
17265
17447
25831
3374
23348
10561
12465
14285
16095
1756
4079
24714
14368
25491
19531
29100
6444
29047
32257
6416
17164
23570
29376
21855
5559
5969
32572
29438
30894
20482
15113
21304
12840
24430
9838
10715
28279
10424
2659
22367
31255
21405
8890
17335
12829
5598
5265
24767
24783
19708
15804
26199
2449
11312
21303
7158
3088
10171
32037
14775
2504
31578
13557
16164
5573
9161
12216
26348
31102
20513
17328
15204
17596
25674
27073
6886
14607
10040
17573
13580
4071
5079
7842
25732
11413
11398
30934
1114
23286
7968
12599
24163
1948
9143
32044
17314
4535
9335
23977
25858
24785
48
10454
10891
4510
31872
28025
29504
15831
25645
6252
2424
18909
7091
29697
29213
29419
5836
12606
9437
16784
887
27830
11699
24012
26754
15019
8201
17644
10172
2678
32338
13081
14489
29324
909
22013
20871
31533
6897
17546
29327
28993
833
673
25145
29667
25175
17432
3071
14878
7492
3570
7834
5863
8076
14711
135
29739
9402
3337
20698
3865
30583
21633
15524
359
14832
4909
23778
32252
14277
8332
6482
12772
19184
21810
32045
30948
31330
5983
17690
31836
19455
21589
19906
415
16207
3415
5414
21105
23831
29570
21340
14312
30118
11084
28924
23684
8216
30349
3026
22667
15185
31249
6762
21857
20448
32490
22199
2670
16481
25590
16097
23378
4326
30373
11482
20408
5475
13568
24449
29284
14137
4651
24372
4078
25067
31844
1241
31265
27770
8030
4559
1073
5807
14562
29698
11749
11001
30415
14072
18545
29542
733
3069
30212
5688
26769
1647
10922
32306
18230
22855
12253
31946
19558
10693
31428
3650
19150
3157
15216
21465
18092
18802
21553
15728
4679
28692
30304
13940
7003
5988
21423
7198
17066
24992
31289
1646
13349
13391
7655
8985
32452
22129
18956
3906
19811
18649
18451
7437
29987
24002
12144
23333
31881
29688
21321
6957
11757
8852
14680
25749
30305
7413
21473
26962
3024
1943
1899
15430
299
16911
12185
9148
6172
12732
1711
3770
2068
7041
9927
26220
32424
32715
17285
17765
30444
25399
32604
16818
13508
12032
31689
7176
17351
321
7499
24603
14328
28179
17083
19545
26138
16405
7921
4274
23756
9455
28921
26860
26252
5788
18682
5803
29476
19270
19225
26394
21885
16369
17433
27320
20201
30315
28301
25515
19481
27208
12083
320
1570
304
27111
10122
14073
24726
2355
22385
10838
14861
648
31010
16477
15810
26725
28424
21840
4611
30438
17417
4459
21076
9989
20454
11806
6658
32206
19972
13716
1273
23817
3871
16445
1234
14617
29877
16812
7457
9189
25508
352
19274
7228
22180
27568
11383
2496
11575
1614
27892
13610
11937
2994
13969
21614
348
32391
6894
30763
32619
6456
28390
10799
17822
18574
12990
21138
9086
12259
932
31298
27315
11320
6864
3696
26241
12782
16036
2981
23864
2476
12529
23339
3566
5952
23191
143
21463
28879
32249
14665
13215
3601
14353
27525
13650
10364
30546
12974
885
22842
19852
26085
31320
29167
21507
1139
24015
22162
7664
7956
17628
14345
32493
6951
9719
4227
29591
26466
8824
6228
26321
18229
12641
6960
15719
366
16722
21187
15871
25068
5227
16021
12236
20782
8933
31340
2128
1002
6421
20877
22989
16133
1627
546
25096
3794
4208
27480
8609
388
10452
490
13287
7753
2854
5879
14589
3181
1987
3643
17687
189
660
26491
10612
3589
3638
25455
7604
14817
22290
6661
29319
29220
30058
821
28356
2229
31838
15413
6286
5439
11957
25311
432
31868
10956
5742
14276
7390
16480
13562
16904
29237
8228
17060
21754
7572
12805
10562
29896
24917
3489
22158
26438
13266
20097
18477
13430
25939
14922
1411
10864
28109
31607
16557
1564
6021
7002
4124
30657
23299
24283
5613
1685
6645
31483
9420
12717
31241
21259
12519
28473
6175
26616
19293
8431
5066
7502
10583
27863
2141
25684
19734
27350
16976
7857
25966
20462
14068
12094
17023
1452
32010
21818
8092
29973
20911
9059
23003
2312
25525
14076
32625
23209
30953
25952
2751
31595
1068
30956
3460
26751
19077
17817
6683
26211
13524
15760
19813
6024
17403
8767
2894
30845
25778
15736
2052
17334
5734
9417
11308
11063
837
22981
23997
19095
6027
11803
7844
29559
1878
21638
17760
17860
30507
2284
26810
13646
6843
3816
22022
8510
5653
19330
26898
10697
25243
12718
22670
26010
31105
1730
9173
7364
17722
2900
8597
14373
22218
26722
30253
13296
1039
13324
20713
25359
10757
14676
20550
9323
25198
14740
5957
29808
26390
19378
5600
25474
12028
6046
8667
342
20895
2244
25257
10427
25394
13816
32404
2527
15131
29222
4447
8804
27904
13613
25132
5260
32376
29799
14833
32350
253
27935
25001
23151
18550
6123
19129
14710
3473
1453
30078
15693
263
409
29115
29291
22695
30846
16132
24636
10601
19821
7266
22112
3555
21272
18780
6045
20898
19818
21500
11318
4775
687
24529
24482
28472
3143
9936
17029
21930
19859
30060
19990
5795
15308
11410
25451
25999
25733
20860
24807
12572
14884
24579
30322
31275
26202
19611
2930
24460
16654
5129
16834
11665
20405
24016
22756
24642
25302
26048
32508
18318
31674
13829
7999
3563
10957
8618
31737
15317
22955
20709
18867
30777
24501
12693
30751
24721
28529
28398
23405
31611
14175
13319
31547
5304
28646
18586
7224
29406
31324
443
4483
12846
23320
3788
15050
10802
6605
22743
7191
27481
10593
21538
16770
7143
8925
8525
23106
17367
15275
8353
9543
14053
26315
25691
10389
12639
26584
27419
16955
27768
17831
1684
22997
3850
1971
8794
1797
27997
12538
29149
2407
5208
12041
10895
6206
24063
22942
26024
13764
22003
15437
2878
25421
28482
17867
7758
16587
18915
5324
2736
18842
32204
22100
21909
23150
13038
21377
31388
20088
31724
5605
18600
31714
19735
2134
32135
10936
29876
32358
9005
18227
8575
175
5460
2939
27823
7748
26978
22196
959
2954
6692
29954
30973
21880
23687
11895
4472
18772
4474
9098
5256
5778
3550
25905
32704
1519
2945
9562
16208
17759
22543
3925
28513
3116
1269
14267
15011
22224
26553
5822
288
28564
17642
24229
18735
5008
8610
29870
23676
32756
31973
5912
25422
23258
27979
24092
27003
28269
25536
11964
17338
21085
22473
31673
26325
27141
16736
26582
5948
5652
11671
14408
18613
22884
10021
11621
530
31856
3244
30389
4463
19610
8806
17701
24605
29210
31590
526
1891
31088
20480
32153
15651
20727
17521
21771
18537
22764
11687
27988
30345
11356
20160
13160
29487
755
31503
21848
32496
14018
7497
13552
27828
26608
29332
29138
6666
22281
2799
32542
11564
2453
11586
27936
18307
23128
1983
29670
7336
23025
15835
14202
12406
19619
28224
1809
28881
20329
13058
28328
13640
12084
17035
8537
11838
32021
7083
7048
21055
26016
15894
16420
6460
29464
477
11105
26366
478
1392
19971
13590
25092
21133
31958
27034
13516
14026
30355
8796
26696
23196
6018
29586
24265
22860
30646
2629
32058
3943
3074
25923
9194
9454
15783
8040
20347
24823
29064
19578
17058
1125
26332
19172
28982
23553
10655
4866
16629
31876
16290
23416
15054
38
23639
25075
1604
244
15869
26659
6558
21161
27866
32549
6879
27888
633
22738
18365
18836
17981
23203
18238
20183
17386
2564
31945
20251
9908
2289
32521
11570
22821
4500
9338
18091
27557
24617
24380
22557
27011
19782
780
954
20446
7376
11420
25511
16706
18530
31303
24696
14902
18486
19452
30987
17320
2380
9248
20931
2217
9818
3802
28344
19049
2602
17499
5018
11735
736
9594
29119
25897
25840
28538
10860
16729
24313
29136
32085
14622
11113
24173
29933
13121
24364
22259
13465
1972
10545
32023
30679
14287
6893
11638
4962
21878
3683
6133
19175
24439
32250
18350
19323
15442
24729
8281
28320
29058
22043
15304
32455
3688
30615
19974
13753
12147
12345
21429
16250
234
22542
17206
10035
25937
29492
759
32682
32040
10417
3577
27304
30491
5089
30474
2604
22478
13321
1512
3099
24695
21411
23471
20004
2589
25111
9384
29418
28792
26843
5473
29289
29899
20361
30735
23255
20571
6823
19002
20332
2839
9681
1571
18076
1405
10366
9137
25692
24564
27984
23091
26824
29631
24914
12552
8394
24112
11292
13555
29647
22409
8319
32228
16628
3911
15352
29086
6646
6536
28988
829
10880
27887
13615
1820
24362
29165
7054
8414
22649
11840
18742
24034
32743
1961
13279
23158
27193
28401
19691
17818
19759
19208
10747
12301
7812
21704
25076
19388
25545
6199
1920
20190
32766
30143
25499
31454
26624
18311
1279
21466
24737
29714
11282
27336
28708
19898
16257
6931
7361
21421
30737
21020
17995
8350
32334
27748
29377
26086
19662
18880
30108
9699
8747
1529
379
25393
30499
11331
7494
1836
8908
21797
22388
17089
14730
7373
1818
2850
30898
3739
26151
21755
2167
7995
11365
3912
29685
28540
16008
12554
11300
3015
29533
29259
11669
32244
10691
5892
20801
2137
8374
3238
8174
8406
28450
32251
8359
32369
14681
23226
6419
25246
17077
2696
8635
4423
21394
8872
1147
6453
26162
23212
18187
16184
20156
30221
26343
18146
6791
8859
10695
20252
20481
22104
20652
17943
1049
13248
16763
8938
8746
17348
4868
4373
2935
12850
1874
32438
4563
25356
17229
26141
18690
16740
24958
24610
5964
3530
5999
22596
18921
10647
7549
14279
18886
26543
23678
19076
1249
20204
21697
7076
16461
23798
28477
10001
6614
3249
25616
29926
26195
27502
16489
836
26943
6593
26959
13171
1166
13527
25242
17120
15526
24866
224
14912
17349
13577
31049
18186
3499
16429
20086
14899
29214
24776
6323
25824
4493
28226
9084
3595
16593
28783
29421
22148
12196
29331
1509
2255
21656
20195
4273
3165
9345
15848
23097
28049
751
31125
11920
31858
583
24897
11504
16583
12045
11431
31152
9537
15668
31767
26404
15119
21249
24148
23985
20673
18971
25717
27334
31783
11702
12262
19696
4722
21325
15220
1350
25313
31981
28041
1367
14983
11092
16844
4781
22039
32411
21649
19446
4441
15340
15755
29044
6552
19200
6397
10588
3357
0
8188
8771
28954
20923
3524
20365
20135
2610
19084
10359
2558
11011
30637
24935
21483
3581
17211
24743
31322
4165
15018
30587
19386
1550
6976
26489
28750
10752
25488
25245
26591
29765
30353
30071
1726
24731
12258
22256
1967
26238
15940
17877
27064
15416
15899
9687
3404
25633
15471
26819
27867
23337
12699
32008
1660
13988
20315
26800
21040
12854
21026
19542
7556
7028
24733
16067
2677
21490
9051
22641
29674
28432
5779
23589
28281
27281
2173
14438
10745
9636
29182
8
18859
26815
28426
31431
4357
5482
6338
17832
5956
8124
24827
19319
25935
433
29243
15713
9401
21927
2728
24120
14511
16851
15602
14235
11104
5382
30885
24005
5346
27096
23827
765
12027
28103
21709
10400
24727
26755
6215
22609
4551
2965
21428
3714
26854
15996
154
31117
30976
820
13469
13127
13771
19748
6939
27533
3654
25977
7459
15183
1250
17224
22613
28385
22061
15496
8829
24898
23332
13144
14686
23410
7988
24616
5159
3785
22934
22659
16014
27302
30624
22815
1265
31725
28142
12670
32458
24803
29130
22086
17806
23215
1674
27848
7066
24100
31814
10367
29205
22923
20308
15950
27598
9952
9795
21029
10869
32125
10106
17571
5754
29931
21888
14533
19366
21960
12546
18124
18082
15108
9116
21117
32094
8835
941
6678
21571
7006
3221
18496
4612
31103
17245
22167
23402
23986
9013
10089
6922
22759
5041
30485
4433
10135
9123
25430
29916
20058
22490
30942
3129
5235
3995
26382
19352
3443
5542
14806
27400
7998
10663
19498
22077
6080
8014
849
29505
2562
25563
8260
9505
10479
25665
31660
27309
1176
9791
28259
13850
27585
857
256
24646
31129
16779
5425
4856
24739
12576
27579
31326
4287
21024
10430
6603
145
10905
18561
20635
27916
10992
4069
30275
27367
32245
25397
12852
6312
10867
17161
1769
7738
24844
1277
17062
3304
12226
18352
28034
24227
942
457
8464
26871
1918
12293
7690
14753
19986
20285
29203
22780
8692
5035
20092
32481
10817
13292
14979
22139
28754
5509
14479
2890
12456
2189
1747
8276
25667
5604
3154
20411
13170
8680
19248
7729
6287
5080
14310
12971
8506
15849
24571
15828
22601
19151
25425
858
14885
27341
12858
19206
21288
11384
26453
19727
727
9268
13103
9814
31478
7311
16717
8105
28448
19141
19285
23537
5671
31377
20129
24378
5377
25763
20180
18570
13095
32435
22579
2682
7616
25472
14292
19306
30302
25997
9291
28128
21882
27912
11544
7972
30890
5464
16797
10018
8352
26169
15587
29672
32415
19679
28851
13413
19408
9881
28194
28223
1881
21380
24281
2788
25849
27724
19279
28229
8948
5372
27323
29522
12441
22044
8922
17680
14028
17263
4431
18808
6200
14498
31331
32629
18868
30020
20377
30138
16232
23519
10674
9265
24111
3189
13841
99
11214
1204
6884
6800
27238
5536
19189
15187
18061
25482
19861
18175
16704
24204
24626
16991
10030
31214
23461
24190
9598
6551
21615
6511
18787
5478
24853
3836
32523
32229
2561
31752
29902
10262
22242
19524
5052
32685
30157
2311
5887
5869
9658
6354
26999
25914
32406
21389
20593
14044
6475
23584
31769
14655
7120
6060
24060
16939
2946
29398
20312
4139
6371
13362
15371
26785
25136
21627
7919
2656
19215
217
13763
32312
19161
18727
24346
29271
25168
2547
8759
5767
31107
10837
5062
26076
27931
7079
8868
8453
32259
27706
32134
2108
29947
21280
18559
31293
28770
26888
13888
4043
19332
23421
3828
19160
6334
25475
1846
6384
7366
20849
30502
28899
23187
155
14039
29582
21710
16318
10294
20902
20669
9426
29664
3621
19513
16835
3712
19749
14882
9224
6212
23951
23555
9754
2262
20752
12678
10526
32550
2630
25235
27485
9501
2528
21130
20815
9639
8492
27243
5642
25946
3898
15314
22671
24317
6093
32304
3052
989
13626
19068
9664
23489
5972
11207
4214
11784
17778
10861
17450
31004
17719
2718
20152
29846
16928
12366
5633
14497
29562
9981
25213
2368
17853
6188
1437
15102
28462
11072
7162
5877
12016
31097
4895
30495
7629
28129
18656
23324
27625
3953
23996
22561
18768
11934
10124
29269
20509
23184
30023
18081
16131
23992
17015
30324
9457
13179
15872
2927
30330
15683
2908
19232
4544
29949
12496
28101
29925
31855
24061
25714
21733
10375
27998
5013
28254
6488
17261
14164
11141
28539
2725
28019
11218
29003
1879
19952
26767
23812
1286
8894
22156
27054
25683
22834
2397
1162
2714
32557
10280
22698
4520
12624
13281
23792
8742
27896
29965
2080
28598
23664
5645
32396
30535
29519
27454
9033
28588
13685
28929
27039
9296
20625
24069
13299
10211
5458
28437
30443
30915
25951
18888
25368
8929
10141
11142
26905
28587
3209
6366
11519
27952
19897
32409
19758
7044
29366
4523
7958
8831
21577
17454
4315
22612
6944
30755
8129
8557
25120
24607
10068
26194
15497
16896
29768
28484
14618
32403
28969
26995
19052
27860
25994
4843
32587
14418
19258
9888
8071
12257
3937
19552
20375
27785
6515
28243
30133
31955
12305
26423
20310
22500
24406
2014
19174
19022
14059
31619
28066
1363
12423
2773
3080
25405
29410
28765
29535
23635
2079
15688
84
2322
12916
4608
15667
1858
2707
20184
32589
32337
30604
29365
12183
1295
8997
24395
24472
18471
31495
25065
72
12663
11824
375
20325
18758
29128
27265
4848
21889
6912
25888
29706
20124
31584
10358
6926
29796
8420
23880
16900
12837
18233
3818
13512
4195
12068
12954
27580
3509
24753
10770
1395
19044
31414
24676
21876
23165
23770
24591
26349
11791
13412
10944
12120
211
26474
28412
252
29489
10425
27223
27659
28525
21077
7267
21353
2614
16352
16300
18139
23774
29266
23789
18407
17290
11346
32089
19120
18154
20271
628
31641
12735
10457
24667
11694
23293
14441
8630
13155
1369
18584
3420
19406
11116
31893
7356
899
6953
19255
26166
20259
32365
900
6761
6863
14391
26806
9405
1910
5115
28809
19576
15380
6777
4428
27074
4289
5395
15579
1335
4919
361
17902
1027
15368
15771
494
28093
18048
31057
19271
5443
13415
3735
24096
1639
11196
25440
31700
10133
13367
27929
2583
6969
8290
27262
11931
7214
12989
14951
17878
28402
14674
2972
32078
26009
214
16753
8932
22718
7108
32207
16718
15971
31307
25097
31133
404
8666
10846
20200
16063
13713
21385
12813
28657
20641
19310
16564
18103
13253
31743
27606
24114
24098
3977
2710
12122
32024
2917
25017
31837
19325
32253
4342
3789
17998
9911
12292
28979
1494
24324
17796
812
28528
25737
178
24078
6764
8483
1854
7728
16738
22811
11166
27006
14623
15384
18340
7717
12838
26311
10411
24524
19010
14178
1198
506
8156
25167
16716
11705
28188
28088
9831
15242
17121
30727
22720
30176
23659
9392
25060
23502
14965
17112
17186
13736
235
8686
21379
23031
13078
10064
27396
18825
13064
11459
28266
21829
18660
10794
19686
4019
2621
29693
16115
3405
6337
15567
16276
25575
17593
19426
22187
25278
30505
15158
28590
10523
11845
10402
12058
3796
17042
18181
20819
18279
21090
9529
24334
12658
13768
20393
20374
2016
5051
26669
10705
13066
1186
28524
24082
30427
19521
17151
22536
9614
29661
21692
15722
21869
31603
21157
15210
24759
29817
8910
28309
4539
12612
8811
24488
13834
2057
21581
9131
26691
21717
17934
12585
15412
14938
22066
19860
28000
2069
11852
11615
28134
24127
30172
16377
8054
30825
12005
13502
279
5583
21760
21891
8418
638
21297
32371
27337
3711
17849
15636
1832
14915
24115
12365
855
19190
21346
30135
25650
6181
30015
29888
25091
1626
22642
18837
27527
2680
25284
20896
14728
9768
30264
4939
10630
14771
4682
26213
11698
4634
22364
23081
24056
22449
5862
9036
30342
15186
2279
28584
6360
19435
21472
6347
12847
26377
17659
31154
16347
30991
31759
18609
1543
27409
13978
9924
15462
28107
25118
18846
23059
27732
30362
6900
2196
11832
1777
15613
15104
7609
28010
1596
29278
18163
12150
28572
31948
31809
219
8370
13025
23013
15547
27333
27342
10759
15675
18267
14921
18299
29071
14474
9574
9494
20340
31201
6353
26397
19465
7614
22911
6349
1953
20667
19153
26080
22918
10915
18582
6321
27435
26345
17001
12269
13200
18981
23731
25046
18710
13467
20987
16428
1867
14980
30482
4080
5858
26484
28987
18030
9766
15764
4700
15485
16592
32745
4949
4882
3452
1744
31246
30674
11396
22058
9987
30736
22272
20568
15499
12727
21057
12676
19858
1284
4553
4188
32464
842
32128
17436
28422
27883
27240
32690
6429
12277
15182
2324
19857
20339
9503
25004
31499
27172
5442
25254
26776
19360
14701
23865
3538
29943
32674
4816
13968
2008
29177
12932
31774
28689
2722
23973
10921
10267
9141
5617
15947
5560
20842
23921
29341
12583
22020
30430
12321
28605
26708
17248
3620
25208
29101
17409
18361
5378
14582
7645
23335
26019
2689
14136
18826
7257
22055
29788
2720
15273
2548
17996
23469
17181
2446
15415
28673
21155
4048
17360
22548
26032
8728
9623
28547
13982
5678
17965
29762
26242
8696
25061
18304
11556
21433
44
19819
21628
16952
25344
1631
10
12898
31515
19065
5274
17670
1665
9742
1731
16543
22282
25571
13705
20033
21019
30903
9010
30131
4156
28670
11490
10471
23529
24080
20474
27569
31579
17043
28052
10447
12367
30357
28896
7989
22767
10702
18123
16353
18241
15870
7265
23594
17599
7506
26070
14847
1815
9642
27082
2847
8435
26924
19926
31817
15282
19591
4803
5160
31861
21432
14015
25973
29300
32219
30814
4769
396
3421
16263
25251
4726
9659
14088
11062
5606
11890
22371
31411
10498
23917
8911
762
22737
15320
14144
22648
15311
30027
19563
32609
26289
10810
25442
29749
26388
32297
8329
21833
22947
6660
2374
8258
2872
24583
28727
25904
8775
26170
17583
19910
8200
6447
3820
13326
23406
6917
8484
7136
23199
31089
5838
13494
20158
18854
17816
21758
24998
7163
31042
8968
28051
21326
2030
24968
39
5772
21039
3787
4826
306
1325
29616
26005
5323
30234
13795
29819
12762
26418
20005
17093
1822
6148
6389
8049
16259
12213
14800
523
19079
24560
13196
7137
32185
30709
7875
19779
19312
13351
11723
2952
23001
30229
20041
14248
24784
22704
3120
291
13846
22467
32093
18462
25309
23620
31756
19391
25702
19550
25372
17827
12729
24532
28789
13546
28583
23588
5255
5351
1042
10046
16024
13382
4944
6246
22622
12433
5498
1586
11056
23711
28483
9854
3642
7009
21293
15268
16603
5441
3614
32165
19639
13597
14075
25452
21790
21212
32073
7810
27670
4173
5312
15923
26727
15126
16473
9486
5155
16187
3419
13798
16399
24051
10204
2439
23693
25673
23448
9860
7388
716
25215
13929
17872
2620
18111
22260
11637
2218
32673
957
4329
29462
12300
14196
8390
21725
23651
16031
16626
17558
18622
16957
27212
26958
10296
18256
1394
31054
19159
30016
15022
4292
336
25970
1575
15370
10216
27264
16861
27033
535
32247
7421
28499
31501
9646
10609
15777
25432
22080
20337
13813
4913
10196
2258
15572
21097
8403
7279
32511
32171
19025
31841
18280
1799
8375
6450
31600
403
27394
12530
20649
21678
22863
5279
1113
31219
2241
10378
15181
18164
2176
7878
3897
12777
2863
31070
22110
7560
11941
18160
6824
6741
19907
9931
18074
13264
21548
3319
2916
21296
9329
30387
7180
19733
9723
16748
32352
30416
19250
24557
4297
769
26319
31808
23382
3220
6590
8787
27174
21803
10569
2278
25595
3089
18450
28984
18389
2118
17424
21561
13439
19419
19416
5148
8455
10269
31649
22257
18248
15480
1183
13750
19609
4410
19688
1258
547
29399
16141
29078
11946
29829
21092
22810
19449
29822
31677
19981
32560
23520
30134
4044
31479
13856
17855
5581
1780
16378
7139
6232
19594
5749
31267
2828
11942
31254
23790
28976
3610
27198
15705
19677
1412
24810
19929
7190
10147
26521
10772
17564
20114
16840
19317
10214
8885
17236
10756
26937
6803
21595
12759
29338
23023
31951
32491
255
26320
23118
19433
27983
17503
28419
16845
27322
1044
25968
2775
23776
2812
4917
1885
19983
20889
10623
30150
31687
16371
27861
24573
15821
23786
19033
23304
32576
19428
2110
28500
7380
1658
25547
27391
28187
30733
30694
20074
20326
26284
16533
29966
27763
28948
9205
1398
32057
24843
13428
23708
3309
17952
14154
28366
18150
18043
23080
18585
24031
16910
1321
3615
13148
24652
7092
6725
11039
16298
17008
28239
19665
20185
25669
9708
24755
2352
31150
7249
23771
26043
21496
22035
29265
16662
31225
28849
1085
14084
7754
25253
28577
1791
7774
10972
15644
18209
28406
19772
31430
31749
29157
7649
16839
11382
4098
5143
18819
5408
23343
13041
4836
1538
7241
21044
8556
18195
1065
3668
2789
13608
3768
17414
931
9469
6385
32326
21768
13692
5777
16555
32758
11712
25250
1720
4872
6684
22111
26259
30376
9347
16280
6267
11569
412
6967
11392
28215
23943
17772
30829
15052
20287
9616
3877
10408
14571
5116
3813
25066
16050
27156
4857
12992
21408
6695
2287
13265
5422
23803
28314
4646
30159
17171
13245
21714
25354
7894
29910
24654
27944
4943
5056
10221
8283
30690
2546
15974
1078
6209
32256
30369
13955
2536
25199
2474
3008
23486
4982
19687
14262
18191
10790
3119
3043
10976
21067
8891
16285
21011
25677
512
605
3465
8144
11065
24374
16832
18712
15254
12012
16806
7095
21564
6145
31645
17618
28805
26089
12534
11272
32166
25646
15198
24255
29527
2317
26586
30815
30385
20618
29257
20695
11948
5791
2943
21695
27654
13197
16790
912
27534
4930
207
16158
4222
21479
5120
233
19427
5496
19363
30993
9956
13329
15762
17469
996
25887
7113
13358
15600
26643
10960
1406
8057
27358
18131
11010
15638
18829
28496
23231
8187
10105
22191
4328
32731
15001
4680
3134
25895
29613
17064
26599
13651
15814
20583
22692
17991
2277
29350
29729
2411
14992
22920
18933
8685
8415
15544
7823
830
23562
32344
31613
1357
5927
11841
13902
6788
14887
2116
17875
3602
12976
25921
21919
7195
1155
15859
6499
14932
11520
15927
5523
8393
26869
14842
21887
30115
2404
6277
6882
26735
27987
1871
6412
24662
24214
9595
29201
32593
13826
21201
7471
29031
5664
850
12332
1109
3996
2517
26787
18249
10024
9592
172
25016
30301
18756
29109
22974
8861
17254
27148
17508
10661
27790
31159
17493
30238
10224
6769
9440
9548
26768
24586
5247
18833
3649
12643
30360
17777
30538
27361
5299
11119
24994
11529
8146
28667
17749
1033
3909
758
30038
32633
11224
17097
25489
30831
24778
8038
24921
13593
29760
5996
15360
223
4643
23016
28413
12513
22982
11216
18410
10223
581
3072
26031
13926
23418
18678
3411
25271
2197
29241
4415
11603
32474
15738
19351
10206
26285
7666
19786
29120
27473
1929
26376
20897
24132
7423
31695
31147
25560
8719
22241
30967
15344
23107
31812
7485
27085
3441
29426
29530
13490
8969
25875
17592
26182
25056
14342
9368
30913
4348
5783
5136
17717
30661
12344
3946
14286
31800
19985
17645
30927
6314
17792
15756
29185
11802
25696
802
23063
1096
21836
32695
19951
15454
9145
7398
1082
32713
21438
29669
16817
1366
14363
3010
24
32042
16358
11240
7251
5454
766
6490
17716
22233
21568
20295
2566
27841
30104
31979
24686
1170
31342
12655
17502
7851
8576
17476
32501
13336
14972
23113
22434
10041
25212
3784
59
14727
32446
6706
21703
456
25149
32512
27671
14690
12802
16245
21528
12314
14249
26264
13331
28592
18303
10157
28481
19142
6941
16273
11069
20686
32767
1897
21681
5709
11670
10518
5179
23039
18282
1664
1134
1732
16975
25401
29775
23099
26637
11666
14179
26223
9986
11156
29483
25588
9374
11395
28247
14017
9349
29727
21968
32092
17758
32751
4344
10241
24546
25190
8469
3921
2112
26494
4570
13307
28145
2772
28937
7286
19845
3430
5718
9984
28661
31168
14937
23578
8033
29315
6569
7238
3298
13575
17044
22052
16609
12284
18669
242
14394
5931
26680
19123
30742
30805
6584
9078
1515
552
15723
22149
29830
13129
28720
12621
9441
25578
16174
24860
30032
16625
1376
27663
17708
258
21566
23571
14850
6755
25766
22309
13328
25837
16614
10483
3779
21580
26008
7782
22269
7153
13037
11447
5901
13377
22486
17184
24389
17382
6180
5853
12052
4526
12582
149
30367
31394
12445
1145
30218
20773
17916
11888
27711
3523
18815
31232
14204
5246
30149
32505
23152
10309
3534
25791
26702
27289
30306
23400
1838
18667
6190
1632
19218
29125
9712
17144
17442
11506
19863
598
1511
15977
16789
28485
15624
9538
23904
20962
1127
30780
94
17624
4290
12803
3005
10255
17038
23869
8348
26218
18098
19014
17513
6613
21319
11984
20236
5104
30769
28111
17030
21207
18713
10289
19011
22317
895
16397
430
5550
1663
20277
8288
30310
22965
17539
6411
11406
21135
10275
21780
30697
14928
19998
21816
21977
10464
28581
2574
24977
1606
1584
31312
24496
20451
22852
7596
24630
2597
15678
28772
29093
852
26576
13985
28354
26780
30800
2281
11324
27605
4833
15957
31846
10248
21396
17647
23759
3960
3652
27573
16476
30817
18635
19575
24228
414
14239
24891
29117
1960
24901
27971
32246
28739
9433
7469
2129
26600
3308
7472
7454
1801
216
19872
6487
19371
29414
22512
19579
487
6057
10513
7577
32425
6895
3777
27727
29194
26970
19777
24475
9181
3608
3874
8427
21921
11503
17550
5412
18337
4809
20255
745
14488
16920
3296
3135
8555
30440
5747
5078
22528
1316
28560
5753
21032
20229
27077
8839
4480
15557
27048
5782
2947
6274
3474
8730
29856
13943
5737
20768
28801
19760
19086
7236
19526
1359
3268
20366
22995
1440
28676
21495
27804
11355
4231
18650
9055
6509
11904
28612
6855
15715
15513
30851
19788
4390
20023
11043
32389
24975
7630
6316
32141
12191
16711
31348
10785
29328
1207
31599
10323
23941
5954
30524
6538
23782
8321
101
18621
30999
28136
18197
11717
8601
9444
10365
29310
20311
30013
4123
24335
14749
23346
28764
6665
31086
27918
6796
27136
15420
12159
7078
13576
30581
5618
27113
25843
27227
17178
8833
28810
30540
16260
28339
30206
14361
399
20054
28234
16327
19694
18595
10234
8422
14876
11102
6635
1276
8889
25476
14703
32248
12276
26379
20915
29076
21240
28475
18444
30562
2918
6446
3019
4485
22076
3736
5680
30713
5662
17021
17725
24270
16472
22427
3104
7571
5780
26161
27745
18967
22038
8421
29725
26577
13479
21308
22728
15960
21504
16880
9621
950
22998
8927
23242
30308
23536
32423
1154
20806
5540
23662
16362
20784
3675
16573
612
11691
31636
15504
29105
23029
25231
32514
26051
2881
9080
16425
10865
9536
3039
21456
17859
11165
27872
2934
22053
15712
20288
2853
11545
31629
27816
12431
8082
2050
32696
4513
16671
6162
30453
17626
2997
5840
23024
6379
25049
5632
30062
917
6676
14284
3325
6471
6049
4828
32087
26830
12380
5844
10025
6518
19973
3391
1298
23300
17299
5138
30853
3267
11546
18716
9190
7997
27701
16702
16922
24648
31104
16512
10681
4306
6885
1616
19551
16775
8196
5811
29681
18157
22983
22969
22566
4401
6254
10426
4768
8063
4548
4663
16596
7483
28617
30914
30731
13027
30380
16852
14801
28952
6034
4842
31561
13191
30556
1057
15157
21268
23646
19412
3475
6213
15622
28593
10750
1352
12806
29188
6168
20821
12591
2077
27687
2436
26347
25829
21798
22896
2421
14409
27328
23648
31732
30700
983
17779
