0 1
2868284 1
763505 1
2404181 1
1984756 1
20938 1
3806343 1
1676127 1
1784138 1
1077756 1
768176 1
4036922 1
95810 1
642070 1
762672 1
541136 1
95612 1
2710873 1
216074 1
2817063 1
168352 1
3297613 1
803749 1
208880 1
22595 1
169406 1
1392511 1
580691 1
377270 1
1916 1
37020 1
179581 1
4177384 1
506544 1
754991 1
64618 1
322909 1
535275 1
190597 1
1331003 1
222206 1
2682863 1
58479 1
5353 1
350021 1
1916917 1
683020 1
1539655 1
240950 1
130152 1
1146256 1
1852749 1
2141635 1
147192 1
216514 1
1232685 1
6004486 1
115845 1
75349 1
355230 1
18601 1
2820287 1
2255089 1
